9.367025643587112427e-02
2.314530313014984131e-02
4.866185784339904785e-02
1.690573059022426605e-02
2.772360481321811676e-02
6.635170429944992065e-02
1.103223636746406555e-01
5.711822211742401123e-02
1.201856136322021484e-02
3.794091939926147461e-02
4.453848302364349365e-02
2.678560838103294373e-02
4.084900766611099243e-02
2.306002192199230194e-02
2.693169564008712769e-02
5.916409939527511597e-02
5.062106624245643616e-02
7.063602656126022339e-02
4.859934747219085693e-02
2.477448992431163788e-02
1.903733424842357635e-02
3.760292753577232361e-02
1.635595969855785370e-02
2.742762863636016846e-02
6.078964844346046448e-02
1.156893447041511536e-01
5.376870930194854736e-02
1.956485398113727570e-02
3.522690013051033020e-02
2.149185538291931152e-02
3.621244803071022034e-02
1.444804072380065918e-01
2.211386896669864655e-02
4.306294769048690796e-02
5.474284291267395020e-02
3.361555933952331543e-02
4.942819103598594666e-02
9.723164141178131104e-02
3.436620905995368958e-02
5.721714347600936890e-02
2.260995097458362579e-02
3.418459743261337280e-02
3.523423895239830017e-02
8.035387098789215088e-02
2.364044822752475739e-02
4.585789516568183899e-03
3.244922682642936707e-02
5.210613086819648743e-02
3.862994164228439331e-02
3.056034632027149200e-02
4.822075366973876953e-02
6.392946839332580566e-02
1.255566440522670746e-02
7.035986334085464478e-02
3.091311268508434296e-02
3.244321048259735107e-02
4.022854939103126526e-02
7.657957077026367188e-02
8.839046582579612732e-03
1.665479876101016998e-02
3.050763905048370361e-02
5.522140860557556152e-02
2.861696295440196991e-02
9.647917747497558594e-02
7.562319934368133545e-02
3.854810819029808044e-02
4.131308197975158691e-02
8.423508703708648682e-02
1.295794174075126648e-02
4.731162264943122864e-02
6.988387554883956909e-02
1.978525705635547638e-02
4.040798917412757874e-02
2.749333716928958893e-02
6.204761564731597900e-02
9.208770841360092163e-02
5.796216055750846863e-02
5.588334053754806519e-02
4.052006453275680542e-02
2.331453375518321991e-02
3.471904993057250977e-02
3.178891539573669434e-02
9.631551057100296021e-02
2.865725569427013397e-02
6.689201295375823975e-02
5.743800848722457886e-02
1.907549612224102020e-02
2.580246701836585999e-02
4.401105269789695740e-02
6.688248366117477417e-02
5.756258592009544373e-02
4.389703273773193359e-02
2.678891457617282867e-02
3.224335610866546631e-02
2.683738805353641510e-02
3.228160366415977478e-02
7.646769285202026367e-02
1.037253141403198242e-01
2.572006359696388245e-02
4.258937016129493713e-02
4.867548868060112000e-02
2.111331373453140259e-02
3.834100440144538879e-02
9.497875720262527466e-02
1.157177016139030457e-01
1.417904254049062729e-02
1.159468665719032288e-02
5.924122408032417297e-02
6.872538477182388306e-02
8.463814109563827515e-02
3.339761868119239807e-02
4.215689003467559814e-02
3.513067960739135742e-02
3.280438855290412903e-02
5.833222344517707825e-02
2.709786966443061829e-02
2.552795223891735077e-02
4.953662678599357605e-02
1.083222702145576477e-01
1.388787031173706055e-01
5.299583449959754944e-02
1.250252872705459595e-01
3.568409010767936707e-02
5.738570541143417358e-02
2.403170429170131683e-02
3.777950629591941833e-02
2.880140580236911774e-02
5.600982531905174255e-02
2.276950143277645111e-02
3.922581672668457031e-02
5.419237166643142700e-02
4.555980116128921509e-02
1.218593418598175049e-01
5.772135034203529358e-02
3.309542313218116760e-02
3.340727835893630981e-02
1.022093221545219421e-01
3.250974789261817932e-02
8.177276700735092163e-03
4.203213378787040710e-02
3.435322269797325134e-02
6.506083905696868896e-02
5.075333267450332642e-02
8.665592968463897705e-02
8.631999045610427856e-02
7.066546380519866943e-02
2.503265440464019775e-02
2.748971804976463318e-02
7.113487273454666138e-02
5.003913864493370056e-02
2.831700444221496582e-02
7.382840849459171295e-03
2.851611748337745667e-02
1.102224066853523254e-01
3.197342157363891602e-02
2.299895510077476501e-02
1.102305669337511063e-02
3.192138671875000000e-02
6.644535064697265625e-02
3.223544731736183167e-02
5.803048145025968552e-03
5.389860831201076508e-03
3.530883044004440308e-02
2.928654477000236511e-02
3.207168728113174438e-02
4.094817116856575012e-02
4.108344018459320068e-02
2.278457395732402802e-02
6.706263124942779541e-02
6.149049103260040283e-02
1.120820734649896622e-02
3.494553640484809875e-02
5.220052227377891541e-02
5.227166786789894104e-02
3.548006713390350342e-02
4.640096426010131836e-02
2.987244538962841034e-02
3.252650424838066101e-02
5.557705834507942200e-02
2.505932748317718506e-02
5.645056441426277161e-02
6.842846423387527466e-02
4.608478024601936340e-02
3.884407132863998413e-02
1.150459237396717072e-02
8.557542413473129272e-02
3.495066240429878235e-02
4.205089434981346130e-02
2.672439441084861755e-02
2.685276418924331665e-02
4.385766759514808655e-02
1.064850911498069763e-01
3.415915369987487793e-02
2.875480987131595612e-02
3.396981582045555115e-02
5.396033078432083130e-02
2.377675846219062805e-02
2.531030401587486267e-02
1.988096348941326141e-02
9.486095048487186432e-03
1.189853847026824951e-01
3.101092204451560974e-02
5.051061138510704041e-02
1.967056840658187866e-02
4.654560610651969910e-02
3.372443094849586487e-02
2.840395085513591766e-02
6.531503051519393921e-02
7.571622729301452637e-02
1.475112512707710266e-02
4.307778179645538330e-02
5.567515268921852112e-02
2.416278794407844543e-02
3.518066182732582092e-02
2.127478085458278656e-02
6.348676234483718872e-02
5.715170502662658691e-02
3.473705798387527466e-02
1.424767374992370605e-01
4.147797077894210815e-02
1.526926457881927490e-01
2.499456703662872314e-02
1.170094404369592667e-02
1.446319669485092163e-01
3.969238698482513428e-02
5.779102444648742676e-02
6.934073567390441895e-02
2.611200511455535889e-02
3.174858540296554565e-02
5.206385254859924316e-02
5.812120437622070312e-02
1.131639331579208374e-01
5.826667696237564087e-02
5.085070058703422546e-02
2.970617264509201050e-02
8.568494766950607300e-02
3.577092289924621582e-02
7.884982228279113770e-02
1.166062615811824799e-02
1.246997993439435959e-02
6.220813095569610596e-02
2.608486823737621307e-02
7.191911339759826660e-02
4.453916847705841064e-02
1.379415839910507202e-01
8.285384625196456909e-02
4.729877412319183350e-02
3.744342550635337830e-02
5.129016190767288208e-02
6.179302930831909180e-02
1.912779174745082855e-02
4.381867125630378723e-02
4.450367391109466553e-02
3.234121948480606079e-02
7.610184699296951294e-02
6.900974363088607788e-02
4.672283679246902466e-02
1.147301401942968369e-02
2.139569073915481567e-02
5.222454667091369629e-02
4.318896308541297913e-02
9.117471054196357727e-03
3.189662098884582520e-02
6.623702496290206909e-02
1.113953664898872375e-01
5.635408684611320496e-02
4.240904003381729126e-02
2.969846501946449280e-02
4.234713688492774963e-02
4.339592903852462769e-02
2.184383571147918701e-02
5.845303460955619812e-02
3.335114195942878723e-02
2.096255309879779816e-02
8.460330963134765625e-02
4.838390275835990906e-02
4.053641483187675476e-02
3.983609750866889954e-02
7.669894397258758545e-02
1.406962126493453979e-01
5.598134174942970276e-02
4.130815342068672180e-02
1.543649006634950638e-02
3.616790473461151123e-02
2.206533402204513550e-02
6.500100344419479370e-02
1.022995356470346451e-02
7.522492855787277222e-02
3.499905019998550415e-02
5.270569398999214172e-02
1.070187613368034363e-02
5.169897899031639099e-02
2.244561165571212769e-02
1.431757211685180664e-01
5.525938794016838074e-02
2.928833849728107452e-02
1.931984350085258484e-02
3.324549272656440735e-02
1.255121529102325439e-01
4.225143045186996460e-02
5.299104005098342896e-02
2.984978444874286652e-02
9.313777834177017212e-02
5.865727365016937256e-02
4.623348265886306763e-02
3.408553823828697205e-02
9.240633249282836914e-02
4.648358747363090515e-02
3.556340187788009644e-02
3.239962831139564514e-02
4.533939436078071594e-02
1.944622211158275604e-02
8.459146320819854736e-02
1.943255960941314697e-02
4.683066159486770630e-02
5.187299847602844238e-02
8.632209897041320801e-02
4.470251128077507019e-02
1.265193987637758255e-02
3.291964158415794373e-02
2.760322019457817078e-02
2.886356599628925323e-02
3.256075456738471985e-02
5.573569610714912415e-02
3.449860215187072754e-02
1.884776167571544647e-02
4.038514196872711182e-02
3.811425343155860901e-02
6.369740515947341919e-02
9.236416965723037720e-02
3.494346886873245239e-02
5.655208975076675415e-02
7.440131902694702148e-02
5.385776236653327942e-02
4.309809207916259766e-02
1.720820739865303040e-02
2.543331123888492584e-02
3.006256558001041412e-02
7.644645124673843384e-02
4.486411809921264648e-02
9.833259880542755127e-02
6.363022327423095703e-02
7.237450778484344482e-02
5.214259028434753418e-02
7.372748106718063354e-02
5.064752325415611267e-02
3.637813776731491089e-02
4.717422276735305786e-02
2.882764302194118500e-02
5.081851035356521606e-02
1.021932065486907959e-01
8.705070614814758301e-02
8.628328144550323486e-02
2.367720194160938263e-02
5.068464949727058411e-02
4.603024944663047791e-02
4.785488173365592957e-02
9.601025283336639404e-02
9.069833159446716309e-02
5.567192286252975464e-02
1.744063012301921844e-02
1.966659165918827057e-02
4.267629235982894897e-02
4.243336990475654602e-02
4.474126175045967102e-02
1.804679818451404572e-02
3.809238970279693604e-02
3.566567972302436829e-02
5.247073993086814880e-02
5.691790953278541565e-02
4.703605175018310547e-02
2.169081941246986389e-02
4.995784908533096313e-02
4.424194619059562683e-02
3.947113826870918274e-02
1.046583894640207291e-02
3.694403171539306641e-02
5.676698684692382812e-02
5.148512870073318481e-02
3.946769610047340393e-02
1.646553911268711090e-02
3.806914016604423523e-02
3.729262575507164001e-02
4.166870564222335815e-02
8.325219899415969849e-02
4.261309653520584106e-02
2.716429904103279114e-02
3.288666903972625732e-02
3.692046552896499634e-02
3.496162220835685730e-02
1.862592063844203949e-02
3.554121777415275574e-02
1.850439235568046570e-02
1.109687387943267822e-01
6.212836503982543945e-02
6.488268077373504639e-02
1.369906403124332428e-02
5.728549789637327194e-03
4.267204552888870239e-02
6.258377432823181152e-02
4.440953582525253296e-02
1.355580091476440430e-01
5.105126276612281799e-02
1.729114204645156860e-01
4.197045043110847473e-02
7.906395941972732544e-02
2.537243068218231201e-02
1.101912483572959900e-01
3.727961704134941101e-02
7.332832366228103638e-02
1.589735597372055054e-01
4.479922354221343994e-02
3.968016803264617920e-02
4.655551165342330933e-02
4.176655411720275879e-02
3.016197681427001953e-02
8.400415629148483276e-02
2.510217204689979553e-02
2.001042850315570831e-02
4.913258180022239685e-02
3.052831254899501801e-02
6.604075431823730469e-02
2.636596374213695526e-02
3.978396579623222351e-02
7.236655056476593018e-02
4.347878322005271912e-02
3.476558998227119446e-02
3.411372378468513489e-02
6.491725146770477295e-02
9.288065135478973389e-03
3.702041134238243103e-02
5.229154229164123535e-02
2.965382859110832214e-02
2.877367101609706879e-02
7.507238537073135376e-02
2.764414064586162567e-02
3.271465748548507690e-02
3.259147331118583679e-02
7.298142462968826294e-02
2.281550876796245575e-02
5.612622573971748352e-02
7.617631554603576660e-02
4.046587646007537842e-02
3.972641006112098694e-02
4.490140825510025024e-02
7.874844223260879517e-02
4.196153953671455383e-02
5.621353536844253540e-02
1.053372696042060852e-01
1.100473180413246155e-01
1.260003000497817993e-01
1.488039344549179077e-01
3.057229518890380859e-02
2.928921580314636230e-02
1.091896519064903259e-01
8.260309696197509766e-02
1.919821836054325104e-02
4.739996045827865601e-02
5.030468851327896118e-02
2.677202783524990082e-02
3.052344545722007751e-02
2.753691188991069794e-02
7.683477550745010376e-02
4.570229351520538330e-02
3.832525014877319336e-02
2.894913218915462494e-02
4.234932363033294678e-02
5.925356969237327576e-02
6.806406378746032715e-02
3.957446292042732239e-02
9.655440598726272583e-02
9.492734074592590332e-02
1.819926872849464417e-02
5.097979307174682617e-02
8.159825950860977173e-02
2.333225123584270477e-02
8.853753097355365753e-03
2.095330879092216492e-02
5.203410238027572632e-02
2.406779676675796509e-02
4.002053290605545044e-02
1.897999085485935211e-02
8.829257637262344360e-02
1.712305471301078796e-02
5.350647866725921631e-02
4.900142550468444824e-02
1.174748316407203674e-02
1.330912560224533081e-01
4.077794775366783142e-02
8.316327631473541260e-02
5.417380854487419128e-02
6.372806150466203690e-03
1.429687440395355225e-01
3.258898854255676270e-02
9.712170809507369995e-02
3.754049912095069885e-02
3.195774927735328674e-02
3.590029105544090271e-02
2.970927208662033081e-02
3.739643096923828125e-02
1.908607594668865204e-02
1.603674590587615967e-01
5.500740930438041687e-02
7.707459479570388794e-02
9.474179893732070923e-02
3.191803768277168274e-02
1.598240062594413757e-02
3.969908133149147034e-02
4.440842568874359131e-02
1.186814904212951660e-01
4.789125174283981323e-02
7.065176218748092651e-02
7.727152854204177856e-02
8.446244895458221436e-02
8.744823187589645386e-02
4.641960561275482178e-02
2.843273431062698364e-02
1.051732078194618225e-01
2.947999164462089539e-02
5.711095407605171204e-02
4.909869655966758728e-02
5.489165708422660828e-02
2.182220667600631714e-02
3.928409516811370850e-02
2.967592887580394745e-02
4.432752728462219238e-02
2.950955927371978760e-02
1.385913044214248657e-02
9.856412559747695923e-02
1.476630475372076035e-02
3.236968442797660828e-02
1.323037035763263702e-02
1.131437197327613831e-01
2.997407875955104828e-02
1.992266625165939331e-02
4.787446931004524231e-02
6.652358174324035645e-02
3.997384384274482727e-02
3.275772929191589355e-02
6.091514136642217636e-03
9.615161456167697906e-03
2.988223917782306671e-02
3.739843890070915222e-02
8.783054351806640625e-02
5.327355116605758667e-02
5.224661156535148621e-02
2.835607156157493591e-02
4.351444914937019348e-02
4.588799551129341125e-03
1.240478754043579102e-01
4.646479710936546326e-02
2.741997130215167999e-02
2.636273205280303955e-02
8.247233927249908447e-02
1.287660002708435059e-01
1.560578867793083191e-02
8.966360241174697876e-02
3.979656472802162170e-02
2.769640274345874786e-02
5.880407616496086121e-02
1.116863787174224854e-01
6.248790770769119263e-02
2.989263460040092468e-02
4.430988430976867676e-02
7.366797327995300293e-02
1.459100469946861267e-02
3.522145003080368042e-02
5.499637871980667114e-02
3.508192673325538635e-02
7.987995445728302002e-02
5.699904635548591614e-02
6.806231290102005005e-02
3.317674994468688965e-02
4.105255752801895142e-02
3.350203856825828552e-02
4.263875633478164673e-02
6.819577515125274658e-02
1.357448846101760864e-02
3.154635801911354065e-02
1.314370036125183105e-01
2.772719226777553558e-02
2.185649983584880829e-02
3.271949291229248047e-02
1.303332764655351639e-02
6.724494695663452148e-02
5.206673219799995422e-02
8.870177716016769409e-02
3.695907443761825562e-02
4.003010317683219910e-02
1.173745021224021912e-01
5.148696154356002808e-02
3.549396619200706482e-02
5.389864742755889893e-02
1.049932092428207397e-02
3.974004834890365601e-02
2.532519027590751648e-02
3.282700479030609131e-02
5.192169919610023499e-02
7.218789309263229370e-02
1.001861020922660828e-01
1.567140966653823853e-02
9.614147245883941650e-02
8.308860659599304199e-02
5.763076618313789368e-02
1.247478649020195007e-02
3.905064985156059265e-02
1.847429387271404266e-02
7.649076730012893677e-02
2.422961965203285217e-02
5.539081618189811707e-02
5.340933799743652344e-02
6.245363503694534302e-02
4.205332696437835693e-02
1.150537654757499695e-02
1.051555797457695007e-01
1.311475485563278198e-01
9.808108210563659668e-02
3.326543793082237244e-02
7.403597235679626465e-02
9.042640775442123413e-02
2.900376915931701660e-02
1.226634252816438675e-02
3.591661155223846436e-02
1.496087759733200073e-01
9.157165139913558960e-02
1.839084737002849579e-02
5.220576375722885132e-02
3.681766986846923828e-02
4.986096173524856567e-02
7.029610127210617065e-02
4.165941104292869568e-02
1.139231026172637939e-01
2.635682001709938049e-02
5.755122750997543335e-02
4.952878504991531372e-02
3.686384856700897217e-02
8.433514088392257690e-02
4.758625477552413940e-02
6.916081905364990234e-02
1.335465442389249802e-02
1.045300140976905823e-01
7.944091409444808960e-02
6.769061088562011719e-02
2.841839008033275604e-02
2.566152438521385193e-02
3.249587491154670715e-02
3.567261621356010437e-02
4.009059071540832520e-02
2.306839451193809509e-02
7.521337270736694336e-02
3.265963494777679443e-02
5.105886235833168030e-02
7.261376827955245972e-03
5.798293277621269226e-02
1.112963557243347168e-01
1.175685971975326538e-01
1.749522425234317780e-02
4.590133205056190491e-02
4.529258236289024353e-02
2.569148503243923187e-02
4.399641230702400208e-02
5.005143210291862488e-02
2.660071104764938354e-02
1.872554235160350800e-02
8.349400758743286133e-02
6.503139436244964600e-02
1.654285192489624023e-02
6.458794325590133667e-02
1.306159049272537231e-01
4.316667094826698303e-02
1.605437695980072021e-02
3.809900954365730286e-02
4.264774918556213379e-02
9.352904558181762695e-02
2.343169972300529480e-02
2.899473346769809723e-02
3.746676817536354065e-02
1.056250333786010742e-01
4.637096449732780457e-02
3.416804224252700806e-02
5.732610821723937988e-02
1.172765120863914490e-01
7.043271511793136597e-02
1.066559478640556335e-01
2.785941585898399353e-02
6.159669160842895508e-02
3.269237652420997620e-02
1.571387238800525665e-02
5.632138252258300781e-02
2.754105813801288605e-02
7.145229727029800415e-02
5.148471146821975708e-02
4.325973242521286011e-02
8.075453341007232666e-02
4.378762841224670410e-02
3.530486673116683960e-02
6.330437958240509033e-02
2.656526863574981689e-02
3.191520273685455322e-02
6.368016451597213745e-02
4.949314892292022705e-02
1.169734299182891846e-01
7.268578559160232544e-02
1.894434355199337006e-02
6.499134749174118042e-02
6.252736598253250122e-02
1.501147076487541199e-02
4.066598042845726013e-02
2.433889731764793396e-02
7.752791047096252441e-02
4.112056642770767212e-02
7.436452805995941162e-02
1.233220100402832031e-02
3.058714792132377625e-02
3.473453223705291748e-02
4.712774604558944702e-02
3.503809496760368347e-02
3.130812197923660278e-02
3.043247153982520103e-03
1.312208771705627441e-01
8.517232537269592285e-02
4.317362233996391296e-02
1.044519767165184021e-01
4.733449593186378479e-02
6.629106402397155762e-02
1.819922402501106262e-02
3.381075710058212280e-02
6.711930781602859497e-02
2.605755068361759186e-02
2.582575567066669464e-02
7.830766588449478149e-02
1.147587969899177551e-01
1.539261545985937119e-02
1.980763487517833710e-02
5.227682366967201233e-02
4.160291329026222229e-02
4.970099031925201416e-02
2.407930418848991394e-02
5.429480597376823425e-02
5.109831318259239197e-02
2.084657549858093262e-02
4.917183890938758850e-02
7.365926355123519897e-02
5.048965290188789368e-02
4.466355219483375549e-02
2.491987496614456177e-02
4.419258981943130493e-02
5.317349731922149658e-02
1.204749569296836853e-02
4.594636335968971252e-02
8.922450244426727295e-02
4.876891896128654480e-02
8.746406435966491699e-02
1.127336546778678894e-02
4.626440256834030151e-02
8.191968500614166260e-02
2.109165489673614502e-02
1.759633980691432953e-02
9.214698523283004761e-02
2.319597080349922180e-02
4.026842862367630005e-02
1.740851253271102905e-02
4.292381927371025085e-02
6.279540807008743286e-02
7.361973822116851807e-02
1.987539976835250854e-02
2.327825501561164856e-02
7.811284065246582031e-02
3.644428029656410217e-02
4.405135661363601685e-02
1.980255916714668274e-02
5.714814737439155579e-02
3.008561208844184875e-02
5.835107713937759399e-02
4.681238904595375061e-02
3.912181407213211060e-02
2.795723266899585724e-02
4.318031668663024902e-02
3.516760841012001038e-02
3.732737526297569275e-02
1.305295079946517944e-01
2.378403954207897186e-02
3.863905742764472961e-02
8.126291632652282715e-02
3.922979906201362610e-02
5.049021542072296143e-02
1.291423141956329346e-01
3.166324272751808167e-02
3.495593369007110596e-02
1.355958450585603714e-02
5.396506190299987793e-02
4.261952266097068787e-02
3.077964112162590027e-02
1.168712601065635681e-02
4.944884032011032104e-02
9.535396099090576172e-02
9.072429686784744263e-02
1.947145722806453705e-02
5.781944096088409424e-02
4.285897687077522278e-02
2.225303277373313904e-02
1.787303201854228973e-02
5.627686902880668640e-02
3.417075052857398987e-02
2.590982615947723389e-02
3.776980936527252197e-02
2.708251774311065674e-02
2.067862451076507568e-02
7.259581238031387329e-02
