1.023135471343994141e+01
4.265628814697265625e+00
4.350641250610351562e+00
4.132327556610107422e+00
3.927152633666992188e+00
1.495684909820556641e+01
1.219459533691406250e+01
4.127775192260742188e+00
7.625192642211914062e+00
5.962923526763916016e+00
9.731327056884765625e+00
1.788159847259521484e+00
3.080450296401977539e+00
1.791656188964843750e+02
2.057815933227539062e+01
4.507021427154541016e+00
4.165182113647460938e+00
2.698781251907348633e+00
4.147654056549072266e+00
4.522466659545898438e+00
3.913165569305419922e+00
1.568727612495422363e+00
4.073714733123779297e+00
9.044124603271484375e+01
4.706777095794677734e+00
9.103739929199218750e+01
3.880401372909545898e+00
4.640301227569580078e+00
5.512635707855224609e+00
4.590219020843505859e+00
2.428499460220336914e+00
2.326372337341308594e+01
2.696005058288574219e+01
5.347787380218505859e+00
2.785723447799682617e+00
7.645138263702392578e+00
6.172665119171142578e+00
1.374524536132812500e+02
5.165812015533447266e+00
1.743608832359313965e+00
5.808933258056640625e+00
3.735911130905151367e+00
3.553469181060791016e+00
4.407888889312744141e+00
1.152861404418945312e+01
1.012590765953063965e+00
2.665796279907226562e+00
3.583755016326904297e+00
3.822747707366943359e+00
5.233940601348876953e+00
3.671198606491088867e+00
1.787722110748291016e+00
4.507543087005615234e+00
1.436737632751464844e+01
5.008520126342773438e+00
9.332815170288085938e+00
1.402931785583496094e+01
2.389743804931640625e+01
5.251431941986083984e+00
5.985760211944580078e+00
5.212933540344238281e+00
5.663027763366699219e+00
1.795523834228515625e+02
1.553704643249511719e+01
5.717380046844482422e+00
9.091367125511169434e-01
5.258143901824951172e+00
9.073381042480468750e+01
2.324731826782226562e+00
5.761637210845947266e+00
5.633116722106933594e+00
2.655496597290039062e+00
3.834102392196655273e+00
7.960855865478515625e+01
2.702260494232177734e+00
1.452755451202392578e+01
9.429692268371582031e+00
1.662843704223632812e+01
8.505099296569824219e+00
3.292890787124633789e+00
6.265725135803222656e+00
3.555782318115234375e+00
1.007341194152832031e+01
1.161632537841796875e+00
5.273846149444580078e+00
3.238819122314453125e+00
4.634218215942382812e+00
1.436756801605224609e+01
1.259276509284973145e+00
1.728551940917968750e+02
3.981035470962524414e+00
5.263060569763183594e+00
5.759732246398925781e+00
1.195971584320068359e+01
3.746379375457763672e+00
3.415008544921875000e+00
6.673677921295166016e+00
2.161473655700683594e+01
2.924225091934204102e+00
5.223583984375000000e+01
3.431480407714843750e+00
4.017173767089843750e+00
5.947902798652648926e-01
1.500306415557861328e+01
2.011956024169921875e+01
5.185347080230712891e+00
3.340116739273071289e+00
5.928702354431152344e+00
9.241013526916503906e+00
1.724933319091796875e+02
3.070137977600097656e+00
6.340009212493896484e+00
9.790629386901855469e+00
5.420215606689453125e+00
9.038931274414062500e+01
2.549293756484985352e+00
3.191813945770263672e+00
1.920716857910156250e+01
9.494340896606445312e+00
1.343019199371337891e+01
3.204668521881103516e+00
1.224377632141113281e+01
5.520451545715332031e+00
6.642987251281738281e+00
3.623960018157958984e+00
9.022422027587890625e+01
7.417361450195312500e+01
7.167190551757812500e+00
3.014023303985595703e+00
3.054796218872070312e+00
2.526464700698852539e+00
1.784944305419921875e+02
1.277916336059570312e+01
1.091815352439880371e+00
4.583899021148681641e+00
1.156362438201904297e+01
5.845164108276367188e+01
4.595507144927978516e+00
1.504685401916503906e+01
4.369867324829101562e+00
4.520907402038574219e+00
9.110028266906738281e+00
4.353881835937500000e+00
1.017540740966796875e+01
9.366738891601562500e+01
1.788483581542968750e+02
3.422796726226806641e+00
5.038784027099609375e+00
5.543407440185546875e+00
8.269424438476562500e+00
4.030994415283203125e+00
3.853867769241333008e+00
2.078672170639038086e+00
1.594866466522216797e+01
4.634978771209716797e+00
3.858133077621459961e+00
5.996099948883056641e+00
4.725633621215820312e+00
9.250748634338378906e+00
6.555128693580627441e-01
4.397657394409179688e+00
3.841347455978393555e+00
3.816800594329833984e+00
5.007972240447998047e+00
1.674445152282714844e+00
4.237805843353271484e+00
6.585944652557373047e+00
2.257761001586914062e+00
4.483666896820068359e+00
9.078132629394531250e+01
3.414091110229492188e+00
1.807102680206298828e+00
5.139116764068603516e+00
6.102906703948974609e+00
5.544114112854003906e+00
3.021159648895263672e+00
4.218815326690673828e+00
4.689848899841308594e+00
4.245008945465087891e+00
1.370867061614990234e+01
1.349356460571289062e+01
8.564651489257812500e+00
4.621859073638916016e+00
3.671305179595947266e+00
1.619066596031188965e+00
1.624443244934082031e+01
5.469451427459716797e+00
1.689570426940917969e+00
4.176639080047607422e+00
4.525064945220947266e+00
1.237436580657958984e+01
1.763104553222656250e+02
2.316973209381103516e+00
3.469384908676147461e+00
4.718913555145263672e+00
8.877059936523437500e+00
6.343966484069824219e+00
5.442585468292236328e+00
4.364934444427490234e+00
2.487426519393920898e+00
2.042708587646484375e+01
4.162548065185546875e+00
3.042853355407714844e+00
3.192672491073608398e+00
1.780004119873046875e+02
1.618824839591979980e+00
4.155390739440917969e+00
1.787384033203125000e+02
4.197780132293701172e+00
5.217893123626708984e+00
3.586049079895019531e+00
2.114703178405761719e+00
2.418970346450805664e+00
1.234887409210205078e+01
7.548316001892089844e+00
1.413070011138916016e+01
9.587591552734375000e+01
3.800348520278930664e+00
1.680781860351562500e+02
3.671625375747680664e+00
1.729975585937500000e+02
6.412336349487304688e+00
1.755394744873046875e+02
9.017826080322265625e+01
1.731896638870239258e+00
5.097467899322509766e+00
4.565916061401367188e+00
5.770339488983154297e+00
5.813250541687011719e+00
4.784955024719238281e+00
1.172279167175292969e+01
9.061724853515625000e+01
1.270170593261718750e+01
4.067749500274658203e+00
2.241579055786132812e+00
9.091428375244140625e+01
2.211870193481445312e+00
9.304784393310546875e+01
3.874846220016479492e+00
3.002179145812988281e+00
4.153693675994873047e+00
3.768059492111206055e+00
8.124027252197265625e+00
3.718259096145629883e+00
1.548087501525878906e+01
6.984772205352783203e+00
3.309023380279541016e+00
2.690645456314086914e+00
1.445097446441650391e+00
5.371113777160644531e+00
3.159386873245239258e+00
5.101770877838134766e+00
6.176157951354980469e+00
2.732228040695190430e+00
7.331642913818359375e+01
1.134873104095458984e+01
3.340819835662841797e+00
3.923660278320312500e+00
2.337996482849121094e+00
4.278007507324218750e+00
6.843724727630615234e+00
4.306116104125976562e+00
3.070392847061157227e+00
4.440825939178466797e+00
7.705024719238281250e+00
7.864120483398437500e+00
4.210264682769775391e+00
3.098193407058715820e+00
3.325077295303344727e+00
2.505303382873535156e+00
1.576939344406127930e+00
1.095763206481933594e+01
2.649888515472412109e+00
3.586158514022827148e+00
9.317344665527343750e+00
8.652627944946289062e+00
3.647689521312713623e-01
3.709084749221801758e+00
1.380065250396728516e+01
9.098144531250000000e+01
4.836427688598632812e+00
1.782366485595703125e+02
1.916016817092895508e+00
5.234838962554931641e+00
8.456006050109863281e+00
1.659642410278320312e+01
6.295942306518554688e+00
1.993283271789550781e+01
2.395717382431030273e+00
2.815220594406127930e+00
2.350853204727172852e+00
6.350144863128662109e+00
3.149829626083374023e+00
1.708940734863281250e+02
9.046120452880859375e+01
5.077518939971923828e+00
4.887519836425781250e+00
4.097967624664306641e+00
1.781812438964843750e+02
1.680834503173828125e+02
3.205279350280761719e+00
2.228443622589111328e+00
1.332180786132812500e+01
9.006663513183593750e+01
5.258590698242187500e+00
4.733420848846435547e+00
6.563873767852783203e+00
9.037104034423828125e+01
1.747091369628906250e+02
2.982947111129760742e+00
3.288607358932495117e+00
4.554576873779296875e+00
1.641083335876464844e+01
2.444085359573364258e+00
4.264158725738525391e+00
3.912465095520019531e+00
1.102405261993408203e+01
2.489629030227661133e+00
3.917566776275634766e+00
4.972086906433105469e+00
3.583209037780761719e+00
9.410747528076171875e+00
9.482060241699218750e+01
1.782240152359008789e+00
1.958011054992675781e+01
4.012881755828857422e+00
1.046094894409179688e+01
3.141739606857299805e+00
3.566009759902954102e+00
9.058731079101562500e+01
3.830116987228393555e+00
1.360138988494873047e+01
8.134942054748535156e+00
1.153595829010009766e+01
1.289070963859558105e+00
7.244405269622802734e+00
2.332464694976806641e+00
1.103415584564208984e+01
1.728560943603515625e+02
3.172989845275878906e+00
1.794318084716796875e+02
1.179822349548339844e+01
1.502700328826904297e+01
4.153599262237548828e+00
3.166071891784667969e+00
2.716329765319824219e+01
4.128818988800048828e+00
6.084376335144042969e+00
6.720531940460205078e+00
1.068994283676147461e+00
1.272957038879394531e+01
1.253021144866943359e+01
8.889488220214843750e+00
3.477276563644409180e+00
9.036374664306640625e+01
2.085252761840820312e+00
3.165700912475585938e+00
1.770875358581542969e+01
1.945722961425781250e+01
2.053284406661987305e+00
2.691620635986328125e+01
1.446450948715209961e+00
2.890153884887695312e+00
4.158028602600097656e+00
1.092532038688659668e+00
5.060512065887451172e+00
8.684350013732910156e+00
2.866622924804687500e+00
3.858234643936157227e+00
5.502886295318603516e+00
3.194879055023193359e+00
8.561532974243164062e+00
5.589178085327148438e+00
3.054539918899536133e+00
3.308313131332397461e+00
4.305842876434326172e+00
3.391190528869628906e+00
1.762862854003906250e+02
3.369877815246582031e+00
3.667249441146850586e+00
7.552319526672363281e+00
7.365324497222900391e+00
4.008487224578857422e+00
1.577683806419372559e+00
1.445399188995361328e+01
2.960682630538940430e+00
4.294456958770751953e+00
4.499975681304931641e+00
2.835175275802612305e+00
3.353921175003051758e+00
9.252278327941894531e+00
5.689476490020751953e+00
4.737309455871582031e+00
2.076520156860351562e+01
6.297187805175781250e+00
4.670763969421386719e+00
3.186289072036743164e+00
2.736237287521362305e+00
5.317213535308837891e+00
6.604142665863037109e+00
1.836536288261413574e+00
7.602200508117675781e+00
9.023753356933593750e+01
9.121975708007812500e+01
1.973189544677734375e+01
3.176689386367797852e+00
3.775327682495117188e+00
9.091041564941406250e+01
3.443100214004516602e+00
5.535624027252197266e+00
1.234175014495849609e+01
8.102490425109863281e+00
1.800000000000000000e+02
1.716345062255859375e+02
2.606393337249755859e+00
2.526774406433105469e+00
1.771012573242187500e+02
1.486220955848693848e+00
4.981063365936279297e+00
3.980346679687500000e+00
4.057337284088134766e+00
1.897748470306396484e+00
3.486498594284057617e+00
4.614902973175048828e+00
1.372750663757324219e+01
3.332840204238891602e+00
1.925391077995300293e+00
5.074121952056884766e+00
4.390614509582519531e+00
4.972086906433105469e+00
3.238940238952636719e+00
3.828684806823730469e+00
3.815774917602539062e+00
3.718680381774902344e+00
7.618033885955810547e+00
4.807175636291503906e+00
5.915131092071533203e+00
7.122710704803466797e+00
1.753924560546875000e+01
9.007343292236328125e+01
1.174136638641357422e+01
1.697143707275390625e+02
3.149954319000244141e+00
4.588492214679718018e-01
3.688120365142822266e+00
9.023300170898437500e+00
1.747198944091796875e+02
3.220877647399902344e+00
1.481428241729736328e+01
1.057998085021972656e+01
1.226440334320068359e+01
2.311159133911132812e+01
9.021405029296875000e+01
4.431818962097167969e+00
1.288706970214843750e+01
1.071986160278320312e+02
3.383213996887207031e+00
9.088959503173828125e+01
2.362480401992797852e+00
3.222336053848266602e+00
5.600317001342773438e+00
4.478334426879882812e+00
9.089831542968750000e+01
4.554404735565185547e+00
3.664472103118896484e+00
1.072649240493774414e+00
2.745378732681274414e+00
5.058962821960449219e+00
3.938405275344848633e+00
5.913805961608886719e+00
8.879891395568847656e+00
8.708653450012207031e+00
1.128611755371093750e+01
2.108586072921752930e+00
9.054938507080078125e+01
3.850309133529663086e+00
5.010867118835449219e+00
1.773654580116271973e+00
5.407402992248535156e+00
5.767689228057861328e+00
3.623528003692626953e+00
3.041695117950439453e+00
8.433355331420898438e+00
1.264239549636840820e+00
9.993636012077331543e-01
3.130253314971923828e+00
2.840142011642456055e+00
7.708131313323974609e+00
3.417301177978515625e+00
1.159819221496582031e+01
3.998116970062255859e+00
9.014672279357910156e+00
1.789398345947265625e+02
4.065534591674804688e+00
9.959413528442382812e+00
2.370090246200561523e+00
4.195913314819335938e+00
4.335308551788330078e+00
2.870670127868652344e+01
7.853980064392089844e+00
6.240013599395751953e+00
1.243255805969238281e+01
1.243798160552978516e+01
1.235905742645263672e+01
1.800000000000000000e+02
3.491997718811035156e+00
7.256635665893554688e+00
4.509802341461181641e+00
5.208646774291992188e+00
1.103544139862060547e+01
3.513239383697509766e+00
6.107723236083984375e+00
1.822630643844604492e+00
8.953218460083007812e+00
1.461368103027343750e+02
3.768059492111206055e+00
4.792318820953369141e+00
9.169393157958984375e+01
5.509221553802490234e+00
1.133087539672851562e+01
5.451076507568359375e+00
3.663617134094238281e+00
3.256782293319702148e+00
4.476671695709228516e+00
2.864300251007080078e+00
4.921473026275634766e+00
9.161092758178710938e+00
6.475507259368896484e+00
1.084302616119384766e+01
4.583727836608886719e+00
1.644317245483398438e+01
3.839512348175048828e+00
9.051603698730468750e+01
7.287715435028076172e+00
5.075357437133789062e+00
1.745952911376953125e+02
2.567582702636718750e+01
1.506831359863281250e+02
3.396152019500732422e+00
2.143932104110717773e+00
3.082102298736572266e+00
9.021405792236328125e+01
1.842706561088562012e+00
7.209656715393066406e+00
1.689805221557617188e+01
9.016723632812500000e+01
7.579242229461669922e+00
2.329610109329223633e+00
4.945854663848876953e+00
9.258926391601562500e+01
1.785550384521484375e+02
1.275642275810241699e+00
2.624190521240234375e+01
9.048089027404785156e+00
5.182625293731689453e+00
4.210264682769775391e+00
1.632765388488769531e+01
1.800000000000000000e+02
1.713721752166748047e+00
5.214737415313720703e+00
8.704095840454101562e+00
5.219093799591064453e+00
5.894549846649169922e+00
3.878180265426635742e+00
3.585503101348876953e+00
2.141965293884277344e+01
6.992014408111572266e+00
3.771591663360595703e+00
5.859127998352050781e+00
1.776536560058593750e+02
3.089968204498291016e+00
3.442986249923706055e+00
3.265667200088500977e+00
6.230202674865722656e+00
2.270554780960083008e+00
1.662466735839843750e+02
3.560514926910400391e+00
1.197404575347900391e+01
2.011297225952148438e+00
1.638528442382812500e+01
9.091504096984863281e+00
6.288775444030761719e+00
2.000369310379028320e+00
2.853070259094238281e+00
3.134508132934570312e+01
3.740101814270019531e+00
2.487498474121093750e+01
5.469953536987304688e+00
4.164053916931152344e+00
2.007803916931152344e+01
1.664113769531250000e+02
4.233273983001708984e+00
3.680680036544799805e+00
4.066497325897216797e+00
2.197310686111450195e+00
6.677438259124755859e+00
8.779014587402343750e+00
3.673650979995727539e+00
1.160909366607666016e+01
3.051376533508300781e+01
5.642710685729980469e+00
1.437114715576171875e+01
1.919705390930175781e+01
1.314000797271728516e+01
4.618127822875976562e+00
4.121317863464355469e+00
7.828446865081787109e+00
1.596131420135498047e+01
1.030763435363769531e+01
9.008362579345703125e+01
9.198825836181640625e+01
9.873744964599609375e+00
9.845105171203613281e+00
2.057854413986206055e+00
1.094378948211669922e+01
9.145933532714843750e+01
9.089614868164062500e+01
3.357421875000000000e+00
8.153745651245117188e+00
1.169023895263671875e+01
4.081303119659423828e+00
4.835779666900634766e+00
9.010356140136718750e+01
1.199131774902343750e+01
1.142646121978759766e+01
2.947827577590942383e+00
4.500324249267578125e+00
1.447758865356445312e+01
3.519809007644653320e+00
1.605517959594726562e+01
4.861315250396728516e+00
1.505587291717529297e+01
1.646632075309753418e+00
9.059717559814453125e+01
2.429466485977172852e+00
1.118044090270996094e+01
1.052766227722167969e+01
1.097662353515625000e+01
2.890153884887695312e+00
3.037960052490234375e+00
1.561485767364501953e+01
8.215349197387695312e+00
1.633348388671875000e+02
5.147117137908935547e+00
9.022371673583984375e+01
4.835617542266845703e+00
7.300196647644042969e+00
2.078672170639038086e+00
5.952658176422119141e+00
6.848193645477294922e+00
4.792645931243896484e+00
4.586462020874023438e+00
3.938206434249877930e+00
8.754860877990722656e+00
8.018953323364257812e+00
1.726181030273437500e+01
1.290588140487670898e+00
1.989971637725830078e+00
4.442060947418212891e+00
1.573709487915039062e+00
2.506240606307983398e+00
2.868807315826416016e+00
2.201760053634643555e+00
4.547518253326416016e+00
1.385124206542968750e+01
1.651701812744140625e+02
8.164044380187988281e+00
4.095290660858154297e+00
9.208870697021484375e+01
1.164014244079589844e+01
2.343348026275634766e+00
3.713622093200683594e+00
5.908167839050292969e+00
9.062033843994140625e+01
2.140277624130249023e+00
2.127804756164550781e+00
6.216593742370605469e+00
1.531624984741210938e+01
1.763696074485778809e+00
5.037928581237792969e+00
1.826920628547668457e+00
9.165319061279296875e+01
1.276622009277343750e+01
9.154660797119140625e+01
6.730738162994384766e+00
7.705075740814208984e+00
3.531471490859985352e+00
3.950717210769653320e+00
4.895770072937011719e+00
9.044499206542968750e+01
1.115448570251464844e+01
1.466070294380187988e+00
3.813721179962158203e+00
1.726065521240234375e+02
5.204130649566650391e+00
3.483352422714233398e+00
1.767907619476318359e+00
5.167177677154541016e+00
8.337199211120605469e+00
4.539499759674072266e+00
4.951396942138671875e+00
9.083024597167968750e+01
1.715406494140625000e+02
1.321750402450561523e+00
3.092248201370239258e+00
7.984312057495117188e+00
5.236186027526855469e+00
4.755716323852539062e+00
3.544752836227416992e+00
2.433401679992675781e+01
2.597064495086669922e+00
9.327617645263671875e+01
3.264827728271484375e+00
5.748968601226806641e+00
5.647016525268554688e+00
4.740533828735351562e+00
1.768272094726562500e+02
9.986389160156250000e+00
6.252694129943847656e+00
8.524198532104492188e+00
5.450285434722900391e+00
4.113517284393310547e+00
1.593670272827148438e+01
1.611798048019409180e+00
9.037393188476562500e+01
2.793281555175781250e+01
9.011717224121093750e+01
5.823558807373046875e+00
3.724623870849609375e+01
3.521588802337646484e+00
9.868605613708496094e+00
1.240676975250244141e+01
9.014707183837890625e+01
9.020096588134765625e+01
4.113136768341064453e+00
9.080268096923828125e+01
4.860993385314941406e+00
4.154825210571289062e+00
1.301549243927001953e+01
1.800000000000000000e+02
2.186237812042236328e+00
4.876685142517089844e+00
1.146762180328369141e+01
4.296828269958496094e+00
3.330489873886108398e+00
8.363723754882812500e+00
4.552425861358642578e+00
4.607681751251220703e+00
1.249291777610778809e+00
6.214638233184814453e+00
7.202579021453857422e+00
7.001378059387207031e+00
8.810419082641601562e+00
8.489568710327148438e+00
5.103229522705078125e+00
1.283142948150634766e+01
1.125914382934570312e+01
1.915199637413024902e+00
1.107106685638427734e+01
7.284861087799072266e+00
2.848813295364379883e+00
2.557878494262695312e+00
5.147573947906494141e+00
1.785500335693359375e+02
1.477638339996337891e+01
1.574206829071044922e+00
1.041926145553588867e+00
1.073652648925781250e+01
9.507988691329956055e-01
2.705445766448974609e+00
3.495023965835571289e+00
3.558204650878906250e+00
2.488842725753784180e+00
6.575455188751220703e+00
8.708834648132324219e+00
4.170633316040039062e+00
4.760985851287841797e+00
4.563942432403564453e+00
3.435129880905151367e+00
2.917120456695556641e+00
6.390711307525634766e+00
3.996647357940673828e+00
3.535239458084106445e+00
1.282770633697509766e+01
2.696604490280151367e+00
1.156805324554443359e+01
2.039192962646484375e+01
2.438151836395263672e+00
1.001910591125488281e+01
3.195614576339721680e+00
3.068352222442626953e+00
2.335818767547607422e+00
4.378106594085693359e+00
7.500225067138671875e+00
1.231612682342529297e+01
1.796749420166015625e+02
2.143397331237792969e+01
3.184813976287841797e+00
1.659653782844543457e+00
3.932832717895507812e+00
1.550155043601989746e+00
4.228645324707031250e+00
3.847256422042846680e+00
4.181325435638427734e+00
1.197977352142333984e+01
2.188743352890014648e+00
1.139179468154907227e+00
2.516684293746948242e+00
8.611033439636230469e+00
