5.060980606079101562e+01
1.307442188262939453e+01
1.063761901855468750e+01
7.920673370361328125e+00
8.815557479858398438e+00
1.014371643066406250e+02
5.698751068115234375e+01
7.930526256561279297e+00
3.104853057861328125e+01
9.221393585205078125e+00
1.593107604980468750e+01
1.767132949829101562e+01
1.429668045043945312e+01
8.358574676513671875e+01
3.077332496643066406e+01
9.770829200744628906e+00
9.987951278686523438e+00
1.865965652465820312e+01
1.049293613433837891e+01
1.074984741210937500e+01
1.565506172180175781e+01
1.037489032745361328e+01
1.389216518402099609e+01
1.114581832885742188e+02
1.165807819366455078e+01
9.071367645263671875e+01
9.245597839355468750e+00
8.245413780212402344e+00
1.217826080322265625e+01
1.117693519592285156e+01
1.038695716857910156e+01
8.414981079101562500e+01
8.265211486816406250e+01
1.302257633209228516e+01
1.014125728607177734e+01
2.152727127075195312e+01
1.357267761230468750e+01
9.726316070556640625e+01
1.877233695983886719e+01
1.406614971160888672e+01
1.529213047027587891e+01
1.585618209838867188e+01
1.021547698974609375e+01
2.512263298034667969e+01
8.622850799560546875e+01
1.677957153320312500e+01
1.246527671813964844e+01
9.417012214660644531e+00
1.210488033294677734e+01
3.726509094238281250e+01
1.355178070068359375e+01
1.517554378509521484e+01
9.450900077819824219e+00
6.846209716796875000e+01
1.749818611145019531e+01
4.247394943237304688e+01
1.697982215881347656e+01
9.042996215820312500e+01
2.909020614624023438e+01
2.676650810241699219e+01
2.081609344482421875e+01
9.281293869018554688e+00
1.100531997680664062e+02
6.414987945556640625e+01
1.836253166198730469e+01
1.986423301696777344e+01
1.252742481231689453e+01
6.083098602294921875e+01
1.088001728057861328e+01
1.849625968933105469e+01
1.017701244354248047e+01
3.021392440795898438e+01
1.223118209838867188e+01
1.292319488525390625e+02
1.650315284729003906e+01
1.100905685424804688e+02
1.607967376708984375e+01
6.238382339477539062e+01
2.157387351989746094e+01
1.869138336181640625e+01
4.104266738891601562e+01
8.218671798706054688e+00
7.394190216064453125e+01
9.245826721191406250e+00
1.186404800415039062e+01
1.287239074707031250e+01
1.098671245574951172e+01
4.944557571411132812e+01
1.435283851623535156e+01
8.856173706054687500e+01
1.238452816009521484e+01
3.195664978027343750e+01
5.318952941894531250e+01
7.933131408691406250e+01
1.393801975250244141e+01
9.398104667663574219e+00
3.835434341430664062e+01
8.499647521972656250e+01
9.911892890930175781e+00
5.939452362060546875e+01
9.000921249389648438e+00
1.041101074218750000e+01
1.005118370056152344e+01
6.941427612304687500e+01
6.155971145629882812e+01
2.473834228515625000e+01
1.064127635955810547e+01
1.074182701110839844e+01
2.743416213989257812e+01
4.503873443603515625e+01
2.511890029907226562e+01
2.860444259643554688e+01
9.372785568237304688e+00
8.446950912475585938e+00
6.018044281005859375e+01
1.255072879791259766e+01
7.945734977722167969e+00
9.148429870605468750e+01
3.265047454833984375e+01
3.981135559082031250e+01
1.481865596771240234e+01
2.751079368591308594e+01
2.193206596374511719e+01
5.890019226074218750e+01
9.397639274597167969e+00
7.547399902343750000e+01
8.426428222656250000e+01
2.335750007629394531e+01
8.909043312072753906e+00
1.329897117614746094e+01
1.396151351928710938e+01
9.306312561035156250e+01
4.127891921997070312e+01
2.611454582214355469e+01
1.363687896728515625e+01
6.333050918579101562e+01
9.301203155517578125e+01
7.720896911621093750e+01
2.669133758544921875e+01
1.200046920776367188e+01
1.187048912048339844e+01
3.088027381896972656e+01
9.326428413391113281e+00
4.380600357055664062e+01
1.191519317626953125e+02
1.016368579864501953e+01
8.665663719177246094e+00
2.649188041687011719e+01
2.923428726196289062e+01
7.277696228027343750e+01
1.032590866088867188e+01
1.314152336120605469e+01
1.054653072357177734e+01
4.127465057373046875e+01
1.241894054412841797e+01
1.724232101440429688e+01
1.263122749328613281e+01
1.147222137451171875e+01
2.643527412414550781e+01
1.206968402862548828e+01
9.774303436279296875e+00
1.691528892517089844e+01
1.393029022216796875e+01
4.261029052734375000e+01
1.680257797241210938e+01
1.011792278289794922e+01
7.993481445312500000e+01
1.721096229553222656e+01
2.079255485534667969e+01
7.539604949951171875e+01
9.798629760742187500e+00
1.072758102416992188e+01
2.475069999694824219e+01
2.242899703979492188e+01
1.042181968688964844e+01
1.011897754669189453e+01
7.994421482086181641e+00
8.970893859863281250e+00
9.712519645690917969e+00
7.813054656982421875e+01
1.015719680786132812e+02
2.798148345947265625e+01
9.925676345825195312e+00
4.026806640625000000e+01
1.882432556152343750e+01
7.892763519287109375e+01
2.493966102600097656e+01
1.140514469146728516e+01
1.156358909606933594e+01
1.084227657318115234e+01
8.587445068359375000e+01
1.103712005615234375e+02
1.025900936126708984e+01
1.552765750885009766e+01
7.432054519653320312e+00
2.592241096496582031e+01
2.692214584350585938e+01
1.032300281524658203e+01
1.710721206665039062e+01
1.182451725006103516e+01
1.183544235229492188e+02
9.653589248657226562e+00
1.097809314727783203e+01
1.047229480743408203e+01
1.159558563232421875e+02
1.801398468017578125e+01
1.030769157409667969e+01
3.759267425537109375e+01
2.961856842041015625e+01
1.362243556976318359e+01
1.089098739624023438e+01
1.738418197631835938e+01
8.595176696777343750e+00
8.339678955078125000e+01
4.012482070922851562e+01
4.410176849365234375e+01
1.041215744018554688e+02
1.294983196258544922e+01
8.936514282226562500e+01
1.854825592041015625e+01
7.579255676269531250e+01
4.368384170532226562e+01
1.012216186523437500e+02
1.040929794311523438e+02
1.361998748779296875e+01
1.094428157806396484e+01
1.321109676361083984e+01
8.693264007568359375e+00
2.021561050415039062e+01
1.100431537628173828e+01
2.320125961303710938e+01
3.293083190917968750e+01
7.563331604003906250e+01
1.364751815795898438e+01
1.394626235961914062e+01
1.016392593383789062e+02
1.065835475921630859e+01
8.220007324218750000e+01
1.629450988769531250e+01
1.199777030944824219e+01
7.945462036132812500e+01
7.630491256713867188e+00
3.294324874877929688e+01
8.108676910400390625e+00
5.272049713134765625e+01
1.994680595397949219e+01
9.955821990966796875e+00
9.527366638183593750e+00
2.293163299560546875e+01
2.107208061218261719e+01
8.575272560119628906e+00
9.711151123046875000e+00
5.828829193115234375e+01
1.317136859893798828e+01
1.093202590942382812e+02
6.345775985717773438e+01
1.102178001403808594e+01
1.097591495513916016e+01
1.223313140869140625e+01
9.474720001220703125e+00
8.871513366699218750e+00
1.068295288085937500e+01
1.283550739288330078e+01
8.365462303161621094e+00
3.520936203002929688e+01
1.801997184753417969e+01
1.544193363189697266e+01
1.012875175476074219e+01
1.029881858825683594e+01
1.306834697723388672e+01
9.559207916259765625e+00
3.440362930297851562e+01
1.453116798400878906e+01
1.156249809265136719e+01
3.197583580017089844e+01
3.037977409362792969e+01
1.909190559387207031e+01
1.052893352508544922e+01
3.059583663940429688e+01
5.933545303344726562e+01
7.160755157470703125e+00
8.587223815917968750e+01
2.127227592468261719e+01
1.126113224029541016e+01
8.231483459472656250e+00
4.937332153320312500e+01
1.806214332580566406e+01
7.147342681884765625e+01
1.611139297485351562e+01
9.617672920227050781e+00
1.241950702667236328e+01
2.316264343261718750e+01
1.610664558410644531e+01
1.227826080322265625e+02
1.273033370971679688e+02
1.354929828643798828e+01
1.423505592346191406e+01
9.554196357727050781e+00
2.835165214538574219e+01
7.151286315917968750e+01
1.350147438049316406e+01
1.054944705963134766e+01
6.629355621337890625e+01
5.275128555297851562e+01
8.597483634948730469e+00
1.281869697570800781e+01
2.079172134399414062e+01
7.511765289306640625e+01
1.113214187622070312e+02
8.509621620178222656e+00
1.476746177673339844e+01
4.042724990844726562e+01
1.017794876098632812e+02
1.041169071197509766e+01
3.462007904052734375e+01
9.376684570312500000e+01
3.081748962402343750e+01
1.069522762298583984e+01
2.354570388793945312e+01
1.177542209625244141e+01
9.634442329406738281e+00
2.187628936767578125e+01
9.755155944824218750e+01
3.141879272460937500e+01
5.506763076782226562e+01
9.878722190856933594e+00
4.379005050659179688e+01
1.405823993682861328e+01
1.073659992218017578e+01
8.328617095947265625e+01
8.600255966186523438e+00
3.850023269653320312e+01
1.985552215576171875e+01
6.483350372314453125e+01
1.223618507385253906e+01
3.967938613891601562e+01
1.439524650573730469e+01
5.503293609619140625e+01
9.584320068359375000e+01
1.255352306365966797e+01
9.005139923095703125e+01
4.004395294189453125e+01
9.534569549560546875e+01
1.095904636383056641e+01
1.976486587524414062e+01
1.116705474853515625e+02
8.684277534484863281e+00
3.501968383789062500e+01
1.167637634277343750e+01
1.615489959716796875e+01
4.749495315551757812e+01
3.680893325805664062e+01
3.623474502563476562e+01
1.565351390838623047e+01
5.702852249145507812e+01
1.279282665252685547e+01
1.145306396484375000e+01
6.047714233398437500e+01
2.123949241638183594e+01
1.286731338500976562e+01
1.094356384277343750e+02
1.380085468292236328e+01
1.201678371429443359e+01
1.550347614288330078e+01
8.994011878967285156e+00
9.645622253417968750e+00
2.522087478637695312e+01
1.099333572387695312e+01
8.052707672119140625e+00
1.002068424224853516e+01
1.264116096496582031e+01
5.963698577880859375e+01
2.814271163940429688e+01
1.112543678283691406e+01
1.059878253936767578e+01
1.402267265319824219e+01
1.216951179504394531e+01
7.188433074951171875e+01
9.541354179382324219e+00
1.417193222045898438e+01
6.716382598876953125e+01
1.179964542388916016e+01
8.194700241088867188e+00
1.273568439483642578e+01
6.463880157470703125e+01
1.142745685577392578e+01
1.432383441925048828e+01
1.375509929656982422e+01
1.215195941925048828e+01
1.033786582946777344e+01
5.751223754882812500e+01
8.762051582336425781e+00
1.329523372650146484e+01
8.780733489990234375e+01
2.276550865173339844e+01
2.059618186950683594e+01
1.449435901641845703e+01
1.392681980133056641e+01
1.734551429748535156e+01
1.826215171813964844e+01
1.880813407897949219e+01
5.037414550781250000e+01
8.479342651367187500e+01
8.034233093261718750e+01
8.443830108642578125e+01
1.122656250000000000e+01
1.135440731048583984e+01
8.255405426025390625e+01
1.024757671356201172e+01
1.668540763854980469e+01
1.971001243591308594e+01
4.071508026123046875e+01
9.658718872070312500e+01
1.035154876708984375e+02
1.146218490600585938e+01
9.571228027343750000e+00
9.753789520263671875e+01
1.072921180725097656e+01
8.518575668334960938e+00
1.115232753753662109e+01
1.152773761749267578e+01
2.180373382568359375e+01
1.033105945587158203e+01
1.559656715393066406e+01
4.247586822509765625e+01
1.046574020385742188e+01
1.451537132263183594e+01
1.029422473907470703e+01
1.797580909729003906e+01
4.728009033203125000e+01
1.757374954223632812e+01
7.627177238464355469e+00
1.095682621002197266e+01
2.740680885314941406e+01
4.763299942016601562e+01
8.127809524536132812e+00
9.537758827209472656e+00
1.677593040466308594e+01
9.393582916259765625e+01
9.310842895507812500e+01
9.730973815917968750e+01
9.191312408447265625e+01
1.922551345825195312e+01
1.092346382141113281e+01
1.028851413726806641e+01
2.045970344543457031e+01
9.269877624511718750e+01
1.431283283233642578e+01
6.924961090087890625e+01
3.303360366821289062e+01
4.383731842041015625e+01
5.370211791992187500e+01
4.128920364379882812e+01
8.125980377197265625e+00
7.037976074218750000e+01
8.606509399414062500e+01
8.780126571655273438e+00
9.742976379394531250e+01
1.300833606719970703e+01
9.999925613403320312e+00
9.338732719421386719e+00
3.602368164062500000e+01
1.025000152587890625e+02
1.036602497100830078e+01
9.197466850280761719e+00
1.328920459747314453e+01
9.546135902404785156e+00
1.008142089843750000e+01
1.291183948516845703e+01
2.066687774658203125e+01
1.808493232727050781e+01
2.705969238281250000e+01
4.321237945556640625e+01
7.610321521759033203e+00
9.759855651855468750e+01
3.061798095703125000e+01
1.103947925567626953e+01
1.474394607543945312e+01
1.209507274627685547e+01
1.743966293334960938e+01
1.109141826629638672e+01
1.461170005798339844e+01
3.279915618896484375e+01
1.015648365020751953e+01
1.698160362243652344e+01
1.892454719543457031e+01
1.667078399658203125e+01
6.729624938964843750e+01
6.728393554687500000e+01
4.606481933593750000e+01
1.179735088348388672e+01
2.678420257568359375e+01
7.737132263183593750e+01
1.782599067687988281e+01
1.432476520538330078e+01
7.586931228637695312e+00
8.022627830505371094e+00
4.454655075073242188e+01
1.032721633911132812e+02
2.254979324340820312e+01
3.865298080444335938e+01
4.661743164062500000e+01
6.088723754882812500e+01
4.885353088378906250e+01
1.099131317138671875e+02
1.014015483856201172e+01
1.833288764953613281e+01
1.127113437652587891e+01
9.767436981201171875e+00
5.905161285400390625e+01
1.290330314636230469e+01
2.242724609375000000e+01
1.943889236450195312e+01
3.529691314697265625e+01
8.830462646484375000e+01
9.478013038635253906e+00
1.299088859558105469e+01
9.748278045654296875e+01
2.111817741394042969e+01
4.693833160400390625e+01
9.798771858215332031e+00
8.239743232727050781e+00
5.704721069335937500e+01
1.229589653015136719e+01
8.772796630859375000e+00
1.313917636871337891e+01
3.053227996826171875e+01
1.820113563537597656e+01
5.366347885131835938e+01
1.376233100891113281e+01
3.945316314697265625e+01
1.021771812438964844e+01
4.694015121459960938e+01
2.165527153015136719e+01
1.160563278198242188e+01
8.401757812500000000e+01
1.108048477172851562e+02
8.289546966552734375e+01
3.139978981018066406e+01
9.859896659851074219e+00
1.038393115997314453e+01
8.260574340820312500e+01
1.215420341491699219e+01
1.981474876403808594e+01
3.906468582153320312e+01
8.192665863037109375e+01
3.406292724609375000e+01
1.605614089965820312e+01
1.184931468963623047e+01
7.907274627685546875e+01
5.372492218017578125e+01
1.747186279296875000e+01
8.348241424560546875e+01
3.051916503906250000e+01
1.240828990936279297e+01
1.511866188049316406e+01
7.065599822998046875e+01
9.510088348388671875e+01
1.378982162475585938e+01
1.974049949645996094e+01
4.057090377807617188e+01
9.296437263488769531e+00
1.082917499542236328e+01
1.292276096343994141e+01
1.603667831420898438e+01
6.267477798461914062e+01
1.236252975463867188e+01
1.636365509033203125e+01
8.425711631774902344e+00
6.595679473876953125e+01
1.549680900573730469e+01
1.240383243560791016e+01
1.070326900482177734e+01
4.172187042236328125e+01
8.459934234619140625e+00
6.734277343750000000e+01
7.554886341094970703e+00
6.793439483642578125e+01
8.065007209777832031e+00
4.464912414550781250e+01
1.296404266357421875e+02
2.416299438476562500e+01
9.669178009033203125e+00
1.269477462768554688e+01
1.100070724487304688e+02
2.563514709472656250e+01
4.879361724853515625e+01
9.782014846801757812e+00
8.608369827270507812e+00
6.828366088867187500e+01
1.172108230590820312e+02
1.371724605560302734e+01
7.842865467071533203e+00
1.514321041107177734e+01
1.197898292541503906e+01
1.275530624389648438e+01
4.153138732910156250e+01
1.083609962463378906e+01
6.148888778686523438e+01
9.929269409179687500e+01
1.065570259094238281e+01
6.914001464843750000e+01
5.439712905883789062e+01
2.668234634399414062e+01
1.200643920898437500e+01
1.324630451202392578e+01
1.232505321502685547e+01
5.356979370117187500e+01
7.685828399658203125e+01
5.958639907836914062e+01
1.043125915527343750e+02
5.181805038452148438e+01
1.014600448608398438e+02
2.207153129577636719e+01
3.596140670776367188e+01
6.248054122924804688e+01
8.143348693847656250e+01
2.233928298950195312e+01
3.109123420715332031e+01
6.226086044311523438e+01
1.026148414611816406e+01
1.149116802215576172e+01
3.852952957153320312e+01
3.624528121948242188e+01
5.225352859497070312e+01
8.270297050476074219e+00
1.710829353332519531e+01
3.947492980957031250e+01
8.691736221313476562e+00
3.224819564819335938e+01
1.068103218078613281e+01
6.977963256835937500e+01
1.682423019409179688e+01
9.101333618164062500e+01
1.892507934570312500e+01
5.055338287353515625e+01
6.672361755371093750e+01
4.643546295166015625e+01
2.698747825622558594e+01
1.422588443756103516e+01
2.813802337646484375e+01
3.378964614868164062e+01
9.866558837890625000e+01
1.556703758239746094e+01
8.290029907226562500e+01
9.780490875244140625e+00
7.518796539306640625e+01
1.263404464721679688e+01
2.646784973144531250e+01
1.078985214233398438e+02
9.055925369262695312e+00
1.099013233184814453e+01
1.399954605102539062e+01
2.586346817016601562e+01
3.129507827758789062e+01
6.303647232055664062e+01
1.031637477874755859e+01
1.165618228912353516e+01
8.207748413085937500e+00
2.834354209899902344e+01
1.159025573730468750e+01
7.588902950286865234e+00
1.687902832031250000e+01
9.833763122558593750e+00
7.629764556884765625e+01
6.131946563720703125e+01
4.108894729614257812e+01
2.938053894042968750e+01
8.868920898437500000e+01
5.496223449707031250e+01
1.771081542968750000e+01
8.926862716674804688e+00
9.657498359680175781e+00
7.493548583984375000e+01
1.442198371887207031e+01
3.347679138183593750e+01
7.149948883056640625e+01
5.140044784545898438e+01
1.477207660675048828e+01
1.142634582519531250e+01
1.654841613769531250e+01
7.319567871093750000e+01
2.638898277282714844e+01
1.061141357421875000e+02
2.753730583190917969e+01
5.959674835205078125e+01
9.112226486206054688e+00
8.821952819824218750e+00
2.307740020751953125e+01
7.584630584716796875e+01
1.806647682189941406e+01
1.140151214599609375e+01
1.167502975463867188e+01
7.488483428955078125e+01
9.081306457519531250e+00
7.612066268920898438e+00
2.120188140869140625e+01
3.263752365112304688e+01
8.142906951904296875e+01
1.463839626312255859e+01
1.562225246429443359e+01
6.547180938720703125e+01
7.858097076416015625e+01
1.123890018463134766e+01
2.026404380798339844e+01
2.520060729980468750e+01
1.327647495269775391e+01
9.717488288879394531e+00
1.249434757232666016e+01
1.050735092163085938e+02
9.267852783203125000e+00
9.975768280029296875e+01
1.175292491912841797e+01
1.121574211120605469e+01
1.263298511505126953e+01
8.899436950683593750e+00
1.166478881835937500e+02
2.056110000610351562e+01
2.262915611267089844e+01
3.489960479736328125e+01
2.485043907165527344e+01
7.193437099456787109e+00
8.072135162353515625e+01
1.976545333862304688e+01
4.541789245605468750e+01
1.117335739135742188e+02
1.065558700561523438e+02
2.954700469970703125e+01
8.060644531250000000e+01
8.166897773742675781e+00
2.938221168518066406e+01
3.391836166381835938e+01
1.102804107666015625e+02
1.035413894653320312e+02
1.542599201202392578e+01
7.878488159179687500e+01
8.481792449951171875e+00
1.245683574676513672e+01
4.612461471557617188e+01
1.120433197021484375e+02
1.237851333618164062e+01
8.910437583923339844e+00
9.448915863037109375e+01
1.309462070465087891e+01
8.205445289611816406e+00
2.929529953002929688e+01
9.440731048583984375e+00
8.437613487243652344e+00
1.098545265197753906e+01
1.130812072753906250e+01
5.420122528076171875e+01
2.284600067138671875e+01
3.368700408935546875e+01
9.436725616455078125e+01
1.110850811004638672e+01
4.695962524414062500e+01
8.420944976806640625e+01
1.587448215484619141e+01
3.224961090087890625e+01
2.299221801757812500e+01
8.659662246704101562e+00
1.213304042816162109e+01
9.396782875061035156e+00
6.002916717529296875e+01
4.564850997924804688e+01
2.417807388305664062e+01
1.047237205505371094e+01
1.838666915893554688e+01
1.005794143676757812e+01
1.067005634307861328e+01
9.051879882812500000e+01
1.037270450592041016e+01
1.375959300994873047e+01
2.688320159912109375e+01
4.854700851440429688e+01
1.696871757507324219e+01
1.063351821899414062e+01
1.364960575103759766e+01
1.376847934722900391e+01
9.391963005065917969e+00
2.496476173400878906e+01
1.295218944549560547e+01
7.859234333038330078e+00
6.096074676513671875e+01
7.890102863311767578e+00
6.643241882324218750e+01
4.375313949584960938e+01
8.633138656616210938e+00
1.028724212646484375e+02
1.324525165557861328e+01
1.143330955505371094e+01
8.493268966674804688e+00
8.270025253295898438e+00
5.872961044311523438e+01
9.275090026855468750e+01
5.992093658447265625e+01
5.646356201171875000e+01
9.739599227905273438e+00
1.304846096038818359e+01
8.723151206970214844e+00
1.631038475036621094e+01
1.237973976135253906e+01
1.076485061645507812e+01
9.682130813598632812e+00
6.297764205932617188e+01
1.160049152374267578e+01
2.113076782226562500e+01
2.580841255187988281e+01
4.730774307250976562e+01
