1.057647690176963806e-01
1.178840324282646179e-01
1.148987263441085815e-01
8.139136433601379395e-02
1.089409664273262024e-01
9.425140172243118286e-02
1.119441017508506775e-01
1.276437193155288696e-01
1.070182323455810547e-01
1.245422065258026123e-01
1.102715805172920227e-01
9.844275563955307007e-02
1.085026562213897705e-01
1.315878927707672119e-01
1.250752359628677368e-01
1.192519366741180420e-01
1.101899370551109314e-01
1.250901371240615845e-01
1.176796630024909973e-01
9.315629303455352783e-02
1.082259118556976318e-01
1.195169910788536072e-01
1.118469461798667908e-01
1.051416620612144470e-01
9.541430324316024780e-02
7.614038884639739990e-02
1.091962531208992004e-01
1.410349756479263306e-01
1.302556842565536499e-01
1.267955601215362549e-01
1.157706752419471741e-01
9.843844920396804810e-02
1.207224801182746887e-01
1.143963858485221863e-01
1.095438972115516663e-01
1.090414300560951233e-01
1.177542060613632202e-01
1.269658505916595459e-01
9.143621474504470825e-02
9.743245691061019897e-02
1.089048683643341064e-01
1.287083029747009277e-01
1.097736880183219910e-01
1.190417483448982239e-01
1.052139848470687866e-01
8.186438679695129395e-02
9.981507062911987305e-02
1.225050240755081177e-01
1.032355576753616333e-01
1.080964580178260803e-01
1.171824708580970764e-01
8.668375015258789062e-02
1.139972880482673645e-01
1.109670847654342651e-01
1.283833533525466919e-01
8.292666077613830566e-02
1.052088811993598938e-01
8.916215598583221436e-02
1.205202341079711914e-01
1.009581387042999268e-01
1.153758540749549866e-01
1.053051128983497620e-01
9.376795589923858643e-02
1.048019230365753174e-01
9.486486762762069702e-02
1.016148552298545837e-01
1.081026494503021240e-01
8.271787315607070923e-02
1.079470664262771606e-01
1.309541016817092896e-01
1.260394603013992310e-01
1.066611185669898987e-01
1.112752184271812439e-01
1.077573001384735107e-01
1.142130121588706970e-01
8.117926120758056641e-02
9.295020252466201782e-02
7.439114153385162354e-02
6.749032437801361084e-02
1.070942580699920654e-01
1.215795651078224182e-01
1.058850809931755066e-01
6.777845323085784912e-02
8.863605558872222900e-02
9.944239258766174316e-02
1.023023054003715515e-01
1.162777170538902283e-01
5.823963508009910583e-02
9.595638513565063477e-02
9.412830322980880737e-02
1.099397912621498108e-01
1.213856413960456848e-01
8.844440430402755737e-02
8.664120733737945557e-02
1.071786805987358093e-01
1.229633986949920654e-01
7.663501054048538208e-02
8.835730701684951782e-02
1.196220815181732178e-01
9.423536062240600586e-02
1.176009401679039001e-01
1.141898930072784424e-01
1.126914247870445251e-01
8.459456264972686768e-02
7.814121991395950317e-02
1.038613468408584595e-01
1.095236316323280334e-01
1.221353709697723389e-01
1.148532405495643616e-01
8.563062548637390137e-02
8.083723485469818115e-02
1.149775087833404541e-01
1.078206151723861694e-01
1.237142160534858704e-01
1.188597008585929871e-01
1.076056137681007385e-01
9.383754432201385498e-02
1.005907654762268066e-01
8.715660125017166138e-02
7.474167644977569580e-02
1.095502674579620361e-01
1.125712394714355469e-01
1.081967726349830627e-01
1.302385181188583374e-01
9.429211914539337158e-02
8.672046661376953125e-02
9.910136461257934570e-02
1.175417453050613403e-01
1.192884147167205811e-01
1.142988130450248718e-01
1.175531968474388123e-01
1.226016804575920105e-01
7.595700770616531372e-02
9.592998772859573364e-02
1.248627677559852600e-01
1.046791449189186096e-01
7.201975584030151367e-02
7.310324162244796753e-02
1.033717170357704163e-01
1.085834950208663940e-01
9.217274188995361328e-02
8.906169235706329346e-02
1.012180149555206299e-01
8.242878317832946777e-02
1.571286320686340332e-01
1.097414791584014893e-01
1.122065857052803040e-01
1.277199834585189819e-01
9.749758988618850708e-02
7.550793141126632690e-02
9.202396124601364136e-02
9.886810183525085449e-02
1.035227403044700623e-01
9.231252223253250122e-02
9.493225812911987305e-02
1.405721604824066162e-01
1.038430035114288330e-01
1.172099858522415161e-01
8.775789290666580200e-02
1.011420041322708130e-01
1.087742149829864502e-01
1.167568787932395935e-01
1.001612916588783264e-01
1.019846424460411072e-01
1.180816218256950378e-01
1.285007447004318237e-01
9.577004611492156982e-02
9.426876902580261230e-02
9.771612286567687988e-02
7.780710607767105103e-02
9.120061993598937988e-02
1.014866903424263000e-01
1.156421601772308350e-01
1.124296635389328003e-01
1.134492680430412292e-01
9.993916004896163940e-02
1.082241758704185486e-01
1.106831729412078857e-01
1.174071729183197021e-01
1.172400936484336853e-01
6.801906228065490723e-02
1.216184794902801514e-01
1.204695552587509155e-01
1.068179681897163391e-01
1.146622523665428162e-01
1.144689172506332397e-01
1.271008998155593872e-01
1.304577887058258057e-01
1.090012267231941223e-01
1.194139868021011353e-01
1.140932589769363403e-01
7.554748654365539551e-02
9.415795654058456421e-02
1.121644899249076843e-01
1.012681201100349426e-01
1.126562505960464478e-01
1.049548089504241943e-01
1.126205772161483765e-01
8.935190737247467041e-02
1.048448979854583740e-01
9.183962643146514893e-02
1.095142662525177002e-01
1.141219958662986755e-01
1.008634492754936218e-01
7.645167410373687744e-02
9.173668175935745239e-02
1.036968752741813660e-01
1.215697601437568665e-01
1.007702946662902832e-01
8.431445062160491943e-02
1.039275825023651123e-01
9.775257110595703125e-02
1.220323666930198669e-01
8.563423901796340942e-02
8.933227509260177612e-02
7.245965301990509033e-02
9.303908795118331909e-02
1.137067079544067383e-01
1.094393432140350342e-01
1.126386821269989014e-01
8.391034603118896484e-02
8.239704370498657227e-02
8.865978568792343140e-02
1.218082010746002197e-01
1.058956235647201538e-01
1.274049431085586548e-01
1.033424884080886841e-01
1.311252713203430176e-01
8.926801383495330811e-02
1.102426946163177490e-01
1.208553463220596313e-01
8.562642335891723633e-02
9.440033882856369019e-02
9.368201345205307007e-02
1.296492367982864380e-01
7.443206757307052612e-02
1.124431863427162170e-01
6.707879155874252319e-02
7.263495028018951416e-02
1.079703345894813538e-01
8.942127972841262817e-02
1.044959425926208496e-01
1.240726783871650696e-01
1.402871757745742798e-01
7.899945974349975586e-02
7.714330404996871948e-02
1.104938536882400513e-01
1.129745244979858398e-01
8.989002555608749390e-02
8.935212343931198120e-02
1.163014620542526245e-01
9.848090261220932007e-02
8.286903798580169678e-02
1.089509278535842896e-01
8.426457643508911133e-02
9.413540363311767578e-02
1.176384612917900085e-01
1.081951856613159180e-01
9.583017975091934204e-02
1.298201382160186768e-01
9.387251734733581543e-02
1.291776597499847412e-01
1.304375231266021729e-01
9.478379040956497192e-02
1.355825364589691162e-01
7.656034827232360840e-02
1.193275228142738342e-01
1.157237663865089417e-01
9.888859838247299194e-02
1.120756566524505615e-01
1.260865628719329834e-01
8.940948545932769775e-02
1.016416475176811218e-01
1.158505007624626160e-01
9.945102035999298096e-02
1.038214340806007385e-01
7.851637899875640869e-02
1.132931113243103027e-01
8.229214698076248169e-02
8.140260726213455200e-02
1.135749742388725281e-01
8.372542262077331543e-02
8.384176343679428101e-02
1.249933466315269470e-01
1.058167964220046997e-01
6.388652324676513672e-02
8.201467245817184448e-02
1.198815032839775085e-01
1.053012683987617493e-01
1.339830011129379272e-01
7.877407968044281006e-02
1.343770027160644531e-01
1.101111024618148804e-01
6.837721168994903564e-02
8.716161549091339111e-02
8.151625841856002808e-02
9.949191659688949585e-02
1.098850816488265991e-01
9.180728346109390259e-02
8.018649369478225708e-02
1.050764992833137512e-01
1.250625103712081909e-01
8.243472874164581299e-02
1.032843738794326782e-01
1.087146550416946411e-01
1.161056384444236755e-01
9.804601967334747314e-02
9.772392362356185913e-02
7.812917232513427734e-02
1.032729744911193848e-01
1.167837381362915039e-01
9.738393127918243408e-02
6.534374505281448364e-02
1.161865442991256714e-01
1.024979948997497559e-01
9.890288114547729492e-02
9.084280580282211304e-02
1.158103719353675842e-01
1.035988256335258484e-01
1.042928770184516907e-01
1.170446127653121948e-01
8.625552803277969360e-02
8.999742567539215088e-02
7.679383456707000732e-02
6.386924535036087036e-02
9.124716371297836304e-02
8.330779522657394409e-02
1.286478191614151001e-01
1.264959871768951416e-01
1.183369457721710205e-01
1.168697997927665710e-01
9.121102094650268555e-02
8.242237567901611328e-02
8.677639067173004150e-02
9.389325976371765137e-02
8.514579385519027710e-02
1.036892160773277283e-01
8.568164706230163574e-02
8.412589877843856812e-02
1.276274323463439941e-01
8.339053392410278320e-02
9.527122229337692261e-02
9.859716892242431641e-02
1.032221987843513489e-01
7.794837653636932373e-02
1.220971196889877319e-01
1.045126840472221375e-01
9.276457130908966064e-02
1.156336143612861633e-01
1.019385680556297302e-01
7.872979342937469482e-02
1.007794216275215149e-01
1.059349104762077332e-01
1.094940677285194397e-01
1.216809451580047607e-01
1.198925003409385681e-01
1.157806962728500366e-01
8.115065842866897583e-02
1.152665242552757263e-01
1.313566118478775024e-01
1.017958596348762512e-01
9.381528198719024658e-02
1.157344952225685120e-01
1.054889410734176636e-01
1.217306330800056458e-01
1.305709630250930786e-01
1.052983850240707397e-01
1.041906923055648804e-01
1.198709681630134583e-01
1.166368275880813599e-01
1.133344322443008423e-01
8.316478133201599121e-02
9.026331454515457153e-02
1.258421093225479126e-01
1.086239218711853027e-01
1.035461425781250000e-01
1.122281700372695923e-01
1.512716263532638550e-01
1.295170187950134277e-01
1.099227145314216614e-01
1.016262993216514587e-01
1.235963255167007446e-01
1.127814576029777527e-01
1.218907311558723450e-01
9.059139341115951538e-02
1.105956658720970154e-01
1.044887900352478027e-01
8.988413214683532715e-02
1.114862635731697083e-01
8.638074994087219238e-02
9.859876334667205811e-02
1.117042452096939087e-01
1.059943735599517822e-01
9.510438889265060425e-02
9.292849898338317871e-02
1.000374704599380493e-01
1.217642426490783691e-01
9.540470689535140991e-02
1.276877969503402710e-01
1.041259020566940308e-01
1.012647524476051331e-01
8.984549343585968018e-02
1.131981909275054932e-01
6.348010152578353882e-02
9.383847564458847046e-02
1.195253133773803711e-01
1.337349116802215576e-01
8.263964951038360596e-02
1.028822734951972961e-01
1.288484781980514526e-01
1.153146475553512573e-01
6.784053891897201538e-02
9.145385771989822388e-02
1.191323474049568176e-01
9.756672382354736328e-02
9.040281176567077637e-02
1.038781479001045227e-01
1.228759139776229858e-01
1.306633800268173218e-01
1.004967615008354187e-01
9.535683691501617432e-02
1.039861515164375305e-01
9.418941289186477661e-02
1.059304550290107727e-01
7.789520174264907837e-02
1.342162042856216431e-01
1.265178471803665161e-01
1.007835716009140015e-01
8.594834059476852417e-02
1.154109090566635132e-01
1.032339781522750854e-01
1.144757047295570374e-01
1.263230443000793457e-01
9.341147541999816895e-02
9.546887874603271484e-02
1.229036748409271240e-01
1.267269253730773926e-01
1.128738522529602051e-01
7.117030769586563110e-02
1.062317341566085815e-01
1.159407347440719604e-01
1.072428897023200989e-01
1.269973963499069214e-01
1.245977282524108887e-01
1.343148946762084961e-01
9.702749550342559814e-02
1.278210431337356567e-01
9.824630618095397949e-02
9.236530214548110962e-02
1.142291724681854248e-01
6.268071383237838745e-02
6.268795579671859741e-02
9.448353946208953857e-02
1.129898875951766968e-01
9.993132203817367554e-02
8.663769066333770752e-02
1.005776450037956238e-01
1.308603733777999878e-01
9.426242858171463013e-02
1.270559877157211304e-01
1.236734613776206970e-01
9.728155285120010376e-02
7.336984574794769287e-02
1.171004623174667358e-01
1.208091005682945251e-01
1.087163090705871582e-01
1.138827353715896606e-01
8.833100646734237671e-02
1.104585751891136169e-01
9.104388207197189331e-02
1.030035987496376038e-01
9.393940120935440063e-02
1.307743340730667114e-01
1.124786138534545898e-01
1.083582267165184021e-01
1.107322499155998230e-01
1.013366654515266418e-01
1.173866689205169678e-01
9.208136051893234253e-02
1.036723628640174866e-01
1.225385814905166626e-01
8.312621712684631348e-02
1.080425009131431580e-01
1.011592596769332886e-01
1.105811521410942078e-01
1.019029319286346436e-01
1.154007315635681152e-01
7.672088593244552612e-02
9.665476530790328979e-02
7.421262562274932861e-02
1.047065779566764832e-01
9.092064946889877319e-02
7.984871417284011841e-02
9.620196372270584106e-02
9.283094853162765503e-02
1.074560061097145081e-01
1.294255405664443970e-01
1.217104792594909668e-01
9.668097645044326782e-02
1.155019104480743408e-01
9.186501801013946533e-02
7.412772625684738159e-02
8.068557828664779663e-02
7.693573087453842163e-02
1.296609342098236084e-01
1.258132755756378174e-01
8.131250739097595215e-02
1.174929067492485046e-01
1.198276951909065247e-01
1.178661137819290161e-01
8.345785737037658691e-02
1.153948605060577393e-01
9.933359920978546143e-02
8.337458223104476929e-02
1.047435253858566284e-01
1.154748052358627319e-01
9.733983874320983887e-02
8.977698534727096558e-02
1.112544983625411987e-01
6.787442415952682495e-02
1.148106306791305542e-01
1.118478253483772278e-01
1.122840419411659241e-01
1.033818349242210388e-01
1.198471039533615112e-01
1.139274612069129944e-01
1.051504388451576233e-01
1.332043856382369995e-01
9.065407514572143555e-02
1.043183580040931702e-01
1.420771032571792603e-01
9.965902566909790039e-02
6.725832074880599976e-02
1.016853377223014832e-01
1.286198943853378296e-01
1.051550135016441345e-01
1.024852246046066284e-01
1.180669739842414856e-01
1.203849092125892639e-01
1.187705397605895996e-01
1.178464815020561218e-01
1.406609863042831421e-01
1.124068573117256165e-01
7.343520224094390869e-02
9.487444907426834106e-02
1.514815837144851685e-01
1.048054397106170654e-01
1.086213216185569763e-01
1.104201897978782654e-01
1.118961051106452942e-01
9.834190458059310913e-02
1.035327091813087463e-01
1.147352755069732666e-01
8.459855616092681885e-02
7.822432368993759155e-02
9.203258156776428223e-02
8.324932307004928589e-02
4.411442205309867859e-02
1.333974301815032959e-01
6.848656386137008667e-02
8.418162912130355835e-02
1.022009178996086121e-01
1.172611042857170105e-01
1.158190146088600159e-01
8.469028025865554810e-02
1.193539276719093323e-01
9.921515733003616333e-02
1.107098832726478577e-01
1.164911314845085144e-01
9.563148021697998047e-02
1.232275813817977905e-01
1.351247578859329224e-01
1.144733875989913940e-01
1.106040999293327332e-01
1.064754128456115723e-01
9.368076175451278687e-02
1.204179897904396057e-01
8.260329067707061768e-02
1.072525829076766968e-01
7.537187635898590088e-02
5.912932753562927246e-02
1.046323925256729126e-01
1.182928904891014099e-01
1.162064149975776672e-01
5.685188993811607361e-02
9.024807065725326538e-02
1.000507697463035583e-01
1.307704299688339233e-01
1.158329546451568604e-01
8.176044374704360962e-02
1.076569780707359314e-01
1.165985688567161560e-01
1.391130387783050537e-01
9.699507802724838257e-02
9.350679069757461548e-02
1.163900122046470642e-01
8.508415520191192627e-02
1.130421087145805359e-01
9.464926272630691528e-02
4.206995666027069092e-02
1.188657656311988831e-01
7.462591677904129028e-02
6.089743599295616150e-02
1.067906692624092102e-01
1.021505668759346008e-01
1.198410838842391968e-01
1.101304888725280762e-01
6.895507872104644775e-02
6.506065279245376587e-02
7.520145177841186523e-02
1.195104941725730896e-01
1.051603332161903381e-01
1.115805357694625854e-01
1.187774166464805603e-01
1.114842742681503296e-01
8.947501331567764282e-02
1.126966550946235657e-01
1.095088347792625427e-01
8.992030471563339233e-02
8.346006274223327637e-02
1.170607060194015503e-01
1.012846305966377258e-01
9.765064716339111328e-02
9.286168217658996582e-02
9.965597838163375854e-02
1.195189654827117920e-01
1.235317140817642212e-01
1.072806641459465027e-01
1.275108754634857178e-01
9.990090131759643555e-02
1.217453330755233765e-01
6.958369165658950806e-02
1.025570034980773926e-01
8.523020148277282715e-02
9.682104736566543579e-02
6.881181150674819946e-02
7.747440040111541748e-02
8.454462885856628418e-02
1.270980536937713623e-01
1.029618605971336365e-01
8.757261931896209717e-02
8.537295460700988770e-02
1.239072456955909729e-01
8.124881982803344727e-02
9.478215128183364868e-02
1.043243259191513062e-01
8.020415157079696655e-02
1.066134274005889893e-01
1.035765856504440308e-01
1.204903796315193176e-01
1.034420281648635864e-01
1.054658666253089905e-01
1.027567014098167419e-01
9.644992649555206299e-02
8.913770318031311035e-02
1.006015688180923462e-01
1.376561373472213745e-01
1.019096076488494873e-01
1.154675781726837158e-01
1.085673421621322632e-01
1.153607666492462158e-01
1.295266449451446533e-01
1.041131168603897095e-01
1.142725348472595215e-01
9.916541725397109985e-02
1.146636232733726501e-01
8.774836361408233643e-02
1.131238490343093872e-01
7.560085505247116089e-02
1.058307588100433350e-01
1.207068189978599548e-01
9.745280444622039795e-02
1.242494359612464905e-01
6.961145251989364624e-02
1.067631915211677551e-01
8.275122195482254028e-02
1.218867152929306030e-01
7.722112536430358887e-02
1.250687241554260254e-01
1.017105355858802795e-01
8.618936687707901001e-02
7.072243094444274902e-02
8.922439813613891602e-02
1.385741680860519409e-01
8.413011580705642700e-02
7.765994966030120850e-02
1.031331494450569153e-01
1.005378663539886475e-01
8.503598719835281372e-02
5.829064920544624329e-02
9.056430310010910034e-02
1.213360577821731567e-01
1.187262162566184998e-01
1.117266342043876648e-01
1.165667548775672913e-01
1.190026178956031799e-01
1.036958470940589905e-01
1.133537441492080688e-01
1.155273914337158203e-01
1.019893363118171692e-01
1.046818792819976807e-01
1.034666448831558228e-01
9.357894212007522583e-02
8.976142108440399170e-02
1.129941493272781372e-01
8.865347504615783691e-02
8.625283837318420410e-02
1.137504279613494873e-01
1.119043901562690735e-01
1.402380317449569702e-01
1.121975407004356384e-01
5.412967875599861145e-02
1.082784608006477356e-01
1.027618870139122009e-01
9.340373426675796509e-02
1.131169423460960388e-01
1.273516118526458740e-01
9.810309857130050659e-02
1.327211409807205200e-01
8.681823313236236572e-02
1.242147088050842285e-01
9.051074087619781494e-02
7.788573950529098511e-02
1.311752647161483765e-01
1.005872935056686401e-01
1.302100718021392822e-01
8.008622378110885620e-02
1.249683201313018799e-01
1.271437406539916992e-01
1.071640327572822571e-01
9.431505948305130005e-02
7.014622539281845093e-02
1.685770153999328613e-01
8.678818494081497192e-02
1.094571053981781006e-01
9.597180783748626709e-02
1.259977817535400391e-01
9.423618018627166748e-02
1.048916205763816833e-01
1.062132567167282104e-01
1.192022413015365601e-01
1.075816899538040161e-01
8.101483434438705444e-02
1.079215332865715027e-01
1.172736287117004395e-01
8.507783710956573486e-02
1.102513372898101807e-01
1.122604012489318848e-01
1.122276708483695984e-01
9.325983375310897827e-02
1.159417480230331421e-01
9.921975433826446533e-02
8.747723698616027832e-02
9.833464026451110840e-02
1.165151596069335938e-01
1.423046886920928955e-01
8.606695383787155151e-02
1.011335179209709167e-01
1.412448883056640625e-01
1.068946421146392822e-01
1.137546449899673462e-01
1.374836415052413940e-01
1.230855658650398254e-01
9.813678264617919922e-02
1.033770143985748291e-01
1.061778515577316284e-01
1.028742194175720215e-01
1.213629618287086487e-01
1.233309805393218994e-01
1.026620566844940186e-01
1.242629885673522949e-01
1.224542707204818726e-01
1.125244349241256714e-01
1.333075910806655884e-01
1.186438947916030884e-01
1.028773188591003418e-01
1.100245341658592224e-01
1.099792569875717163e-01
9.614601731300354004e-02
1.246750205755233765e-01
1.435766220092773438e-01
1.012867763638496399e-01
1.285400539636611938e-01
6.684000045061111450e-02
1.229414269328117371e-01
9.307193011045455933e-02
6.268240511417388916e-02
1.240072101354598999e-01
1.065306589007377625e-01
1.114729195833206177e-01
1.272518336772918701e-01
1.107099205255508423e-01
1.098006814718246460e-01
1.011080294847488403e-01
1.234534904360771179e-01
9.842950850725173950e-02
9.179145097732543945e-02
1.280187219381332397e-01
8.657497167587280273e-02
1.091896072030067444e-01
9.563867002725601196e-02
1.141734346747398376e-01
1.041082963347434998e-01
1.011188700795173645e-01
1.251519918441772461e-01
1.065700277686119080e-01
1.494078785181045532e-01
9.122510254383087158e-02
1.182771325111389160e-01
