2.818090841174125671e-02
1.695630513131618500e-02
1.510660629719495773e-02
1.155934482812881470e-02
1.464371010661125183e-02
2.953368797898292542e-02
2.376115135848522186e-02
1.555361319333314896e-02
2.561488561332225800e-02
1.416084263473749161e-02
2.028925158083438873e-02
1.488007139414548874e-02
1.833907701075077057e-02
3.865946084260940552e-02
2.272713556885719299e-02
1.529079210013151169e-02
1.420010626316070557e-02
1.521637849509716034e-02
1.347334682941436768e-02
1.195091661065816879e-02
1.969064958393573761e-02
1.770445145666599274e-02
1.368108764290809631e-02
2.894287928938865662e-02
1.502840872853994370e-02
2.047858573496341705e-02
1.434156112372875214e-02
1.253969967365264893e-02
1.672675646841526031e-02
1.797371171414852142e-02
2.066829241812229156e-02
2.457350678741931915e-02
3.778800740838050842e-02
1.480840984731912613e-02
1.643509231507778168e-02
2.258948050439357758e-02
1.386716123670339584e-02
6.524454057216644287e-02
1.433554012328386307e-02
1.272151432931423187e-02
1.602978259325027466e-02
1.576083898544311523e-02
1.153641007840633392e-02
2.629199065268039703e-02
2.747092768549919128e-02
1.556538697332143784e-02
1.430397294461727142e-02
1.676936447620391846e-02
1.337220892310142517e-02
2.399675361812114716e-02
1.387776713818311691e-02
1.342350151389837265e-02
1.276145596057176590e-02
2.826969139277935028e-02
2.112006396055221558e-02
1.801403798162937164e-02
1.961335167288780212e-02
1.932395808398723602e-02
2.720750682055950165e-02
2.233718894422054291e-02
2.135379053652286530e-02
1.332705374807119370e-02
2.619292214512825012e-02
3.317805007100105286e-02
1.815527863800525665e-02
1.512406580150127411e-02
1.117273699492216110e-02
1.952233165502548218e-02
1.195757836103439331e-02
2.247964963316917419e-02
1.627972908318042755e-02
2.144657447934150696e-02
1.609785482287406921e-02
2.734934538602828979e-02
1.686310395598411560e-02
2.467831410467624664e-02
1.767924055457115173e-02
2.622636035084724426e-02
1.659188605844974518e-02
1.845519430935382843e-02
2.685757726430892944e-02
1.210111752152442932e-02
2.135718427598476410e-02
1.037479937076568604e-02
1.257556583732366562e-02
1.448770426213741302e-02
1.424853783100843430e-02
2.308558858931064606e-02
1.210382487624883652e-02
2.339589409530162811e-02
1.496278680860996246e-02
1.884273812174797058e-02
1.582632027566432953e-02
2.852433919906616211e-02
1.197644881904125214e-02
1.455519720911979675e-02
2.091432735323905945e-02
2.876246348023414612e-02
1.253580022603273392e-02
2.560527622699737549e-02
1.596813090145587921e-02
1.644551940262317657e-02
1.578924432396888733e-02
2.451169677078723907e-02
1.874125562608242035e-02
1.753338053822517395e-02
1.235590595752000809e-02
1.287766266614198685e-02
1.480421703308820724e-02
3.467990458011627197e-02
1.522634271532297134e-02
2.890576422214508057e-02
1.411135867238044739e-02
1.331115700304508209e-02
2.773000486195087433e-02
1.420123130083084106e-02
1.255478058010339737e-02
3.028105758130550385e-02
1.896882802248001099e-02
1.850098744034767151e-02
1.434346009045839310e-02
1.737658306956291199e-02
2.514649555087089539e-02
2.106295339763164520e-02
1.187431626021862030e-02
1.561675034463405609e-02
2.637476660311222076e-02
2.358283847570419312e-02
1.296129543334245682e-02
1.615236699581146240e-02
1.330001372843980789e-02
3.258655592799186707e-02
1.642755046486854553e-02
1.746795885264873505e-02
1.451345812529325485e-02
1.970469951629638672e-02
2.242528460919857025e-02
2.595588006079196930e-02
2.858048677444458008e-02
1.298635266721248627e-02
1.365843508392572403e-02
1.672754995524883270e-02
1.214385777711868286e-02
1.984713971614837646e-02
4.394225776195526123e-02
1.271713897585868835e-02
1.404220890253782272e-02
2.179294638335704803e-02
1.713079214096069336e-02
1.828919909894466400e-02
1.134895812720060349e-02
1.327641867101192474e-02
1.285833679139614105e-02
1.950722374022006989e-02
1.339207403361797333e-02
2.018016576766967773e-02
1.537356805056333542e-02
1.384219061583280563e-02
1.708371005952358246e-02
1.441055256873369217e-02
1.380582246929407120e-02
2.144647203385829926e-02
1.737435534596443176e-02
2.383590303361415863e-02
1.658833585679531097e-02
1.298392936587333679e-02
2.201174199581146240e-02
1.865285634994506836e-02
1.466134935617446899e-02
2.872766740620136261e-02
1.077246107161045074e-02
1.605594344437122345e-02
2.198573388159275055e-02
1.789629273116588593e-02
1.343963481485843658e-02
1.175466459244489670e-02
1.274534501135349274e-02
1.345915161073207855e-02
1.490397006273269653e-02
2.617480978369712830e-02
2.795670181512832642e-02
2.765549160540103912e-02
1.497307047247886658e-02
2.029612101614475250e-02
2.017744071781635284e-02
2.959218621253967285e-02
2.407602593302726746e-02
1.634215936064720154e-02
1.541061326861381531e-02
1.398498192429542542e-02
3.243099153041839600e-02
3.692932799458503723e-02
1.543074287474155426e-02
1.541390642523765564e-02
1.152910944074392319e-02
2.251910977065563202e-02
1.872069016098976135e-02
1.319725904613733292e-02
1.369407959282398224e-02
1.579897664487361908e-02
3.233420848846435547e-02
1.417805161327123642e-02
1.800732500851154327e-02
1.160099636763334274e-02
2.748424559831619263e-02
1.683791540563106537e-02
1.487502735108137131e-02
2.410094626247882843e-02
2.285515703260898590e-02
1.071483269333839417e-02
1.183184795081615448e-02
1.338545791804790497e-02
1.199507340788841248e-02
1.926861889660358429e-02
2.540037408471107483e-02
1.674494519829750061e-02
2.647742629051208496e-02
1.666731014847755432e-02
3.395791724324226379e-02
1.534469891339540482e-02
2.300566621124744415e-02
1.865300163626670837e-02
2.990108542144298553e-02
4.119476675987243652e-02
1.573762856423854828e-02
1.354217343032360077e-02
1.448607165366411209e-02
1.414442993700504303e-02
1.915207691490650177e-02
1.551690604537725449e-02
1.825603470206260681e-02
1.758478023111820221e-02
2.467041090130805969e-02
1.439292263239622116e-02
1.378152705729007721e-02
2.020500041544437408e-02
1.191880181431770325e-02
2.082621678709983826e-02
1.546102855354547501e-02
1.265507098287343979e-02
2.323570847511291504e-02
1.276551373302936554e-02
2.902787365019321442e-02
1.767281070351600647e-02
1.854024827480316162e-02
1.279752794653177261e-02
1.232220977544784546e-02
1.317786797881126404e-02
1.578701101243495941e-02
1.633165776729583740e-02
1.659758388996124268e-02
1.231797039508819580e-02
2.525693550705909729e-02
1.658081449568271637e-02
2.031904086470603943e-02
2.230788767337799072e-02
1.533445529639720917e-02
1.173004601150751114e-02
1.391729712486267090e-02
1.603787764906883240e-02
1.182735338807106018e-02
1.330064702779054642e-02
1.870668679475784302e-02
1.336185727268457413e-02
2.288608066737651825e-02
1.188499573618173599e-02
1.376960985362529755e-02
1.707136258482933044e-02
1.250096596777439117e-02
1.424340344965457916e-02
1.802948862314224243e-02
1.490106433629989624e-02
1.549746934324502945e-02
1.308622211217880249e-02
1.434496697038412094e-02
1.983366720378398895e-02
1.428071875125169754e-02
1.557247899472713470e-02
1.957694068551063538e-02
1.938055641949176788e-02
1.169623527675867081e-02
2.573010884225368500e-02
2.002207934856414795e-02
1.635921187698841095e-02
1.174813508987426758e-02
2.323540486395359039e-02
1.416357420384883881e-02
2.138226479291915894e-02
1.391631457954645157e-02
1.929098553955554962e-02
1.105806790292263031e-02
2.043260820209980011e-02
2.172684855759143829e-02
4.505318403244018555e-02
2.518072724342346191e-02
1.138256955891847610e-02
1.504569686949253082e-02
1.355234626680612564e-02
2.495943382382392883e-02
2.732044272124767303e-02
1.344568096101284027e-02
1.575537770986557007e-02
2.299249731004238129e-02
2.291814796626567841e-02
1.405441574752330780e-02
1.534898951649665833e-02
2.161084301769733429e-02
2.356123924255371094e-02
2.487636730074882507e-02
1.557680033147335052e-02
1.642104238271713257e-02
2.555623464286327362e-02
1.920009031891822815e-02
1.272783149033784866e-02
2.689366973936557770e-02
2.308321185410022736e-02
1.704380474984645844e-02
1.824638992547988892e-02
1.604548841714859009e-02
1.333970017731189728e-02
1.276620849967002869e-02
1.495655439794063568e-02
2.061636373400688171e-02
1.674158312380313873e-02
1.773303933441638947e-02
1.251854375004768372e-02
1.599080115556716919e-02
1.810746267437934875e-02
1.548972725868225098e-02
3.246978670358657837e-02
1.385030336678028107e-02
2.543945051729679108e-02
1.513303071260452271e-02
2.000822313129901886e-02
1.262473501265048981e-02
2.130134031176567078e-02
1.577217318117618561e-02
2.182485349476337433e-02
2.860916033387184143e-02
1.353020593523979187e-02
2.851626463234424591e-02
2.050326019525527954e-02
2.392642386257648468e-02
1.427169609814882278e-02
1.475536916404962540e-02
4.094442352652549744e-02
1.127828471362590790e-02
1.676481962203979492e-02
1.941548101603984833e-02
1.400911342352628708e-02
2.135368436574935913e-02
2.351541630923748016e-02
2.415580675005912781e-02
1.284290477633476257e-02
2.537702955305576324e-02
1.424360927194356918e-02
1.422543637454509735e-02
2.063786238431930542e-02
2.037547342479228973e-02
1.772033423185348511e-02
4.568636789917945862e-02
1.400651037693023682e-02
1.554762851446866989e-02
1.500117313116788864e-02
1.858751475811004639e-02
1.444459799677133560e-02
1.765383780002593994e-02
1.260896120220422745e-02
1.415738184005022049e-02
1.297680940479040146e-02
1.582653634250164032e-02
2.232571691274642944e-02
1.878078281879425049e-02
1.532293017953634262e-02
1.210812758654356003e-02
1.608081534504890442e-02
1.392573490738868713e-02
4.780252650380134583e-02
1.563561521470546722e-02
1.786725036799907684e-02
2.593350224196910858e-02
2.026176638901233673e-02
1.320864818990230560e-02
1.491822488605976105e-02
1.916371658444404602e-02
1.409107819199562073e-02
1.488845143467187881e-02
1.160400360822677612e-02
1.459672860801219940e-02
1.303763221949338913e-02
1.891802251338958740e-02
1.396159641444683075e-02
1.384804025292396545e-02
2.815373800694942474e-02
1.683203689754009247e-02
2.008535712957382202e-02
1.335219573229551315e-02
1.324694789946079254e-02
2.323023229837417603e-02
1.316816266626119614e-02
1.501070242375135422e-02
2.702745981514453888e-02
2.895651198923587799e-02
2.772076614201068878e-02
1.827891543507575989e-02
1.672946102917194366e-02
1.411598175764083862e-02
2.199289202690124512e-02
1.407571975141763687e-02
2.273317985236644745e-02
3.008296340703964233e-02
1.809683255851268768e-02
2.634808979928493500e-02
3.018407896161079407e-02
1.419579144567251205e-02
1.442721486091613770e-02
2.234037220478057861e-02
1.828173175454139709e-02
1.350907515734434128e-02
1.443576440215110779e-02
1.512358337640762329e-02
1.743693277239799500e-02
1.164092961698770523e-02
1.367438584566116333e-02
1.934948191046714783e-02
1.776660606265068054e-02
1.524730678647756577e-02
1.183679047971963882e-02
1.449174154549837112e-02
2.482456527650356293e-02
1.489692647010087967e-02
1.332841720432043076e-02
1.505893375724554062e-02
1.951671019196510315e-02
1.869368925690650940e-02
1.337063219398260117e-02
1.336820330470800400e-02
2.070673741400241852e-02
2.012593299150466919e-02
1.894668862223625183e-02
2.420650608837604523e-02
2.861876413226127625e-02
2.227422967553138733e-02
1.489200536161661148e-02
1.696844212710857391e-02
1.503280457109212875e-02
3.262905776500701904e-02
1.481393072754144669e-02
1.771271601319313049e-02
2.602907642722129822e-02
1.459330413490533829e-02
1.738261990249156952e-02
1.427684910595417023e-02
1.160313189029693604e-02
2.939503639936447144e-02
3.114523924887180328e-02
1.033773645758628845e-02
4.423160105943679810e-02
1.031772699207067490e-02
1.759970746934413910e-02
1.285354234278202057e-02
1.989145390689373016e-02
2.628379687666893005e-02
1.421676576137542725e-02
1.425298769026994705e-02
1.485054008662700653e-02
1.154916640371084213e-02
1.276611909270286560e-02
1.400771457701921463e-02
2.194103784859180450e-02
2.429915592074394226e-02
1.644057594239711761e-02
3.007745370268821716e-02
1.476811151951551437e-02
2.753519825637340546e-02
2.741806581616401672e-02
1.242738123983144760e-02
1.339103095233440399e-02
1.452441327273845673e-02
1.610244996845722198e-02
1.534101180732250214e-02
1.372102275490760803e-02
2.474801614880561829e-02
1.410167478024959564e-02
1.334812119603157043e-02
2.009765245020389557e-02
1.563128642737865448e-02
3.045972809195518494e-02
3.124537318944931030e-02
2.020695433020591736e-02
1.324182841926813126e-02
1.653328537940979004e-02
3.291114792227745056e-02
1.343525946140289307e-02
2.091155946254730225e-02
1.332818437367677689e-02
1.478711795061826706e-02
3.175820782780647278e-02
2.896564640104770660e-02
1.739959605038166046e-02
1.836621202528476715e-02
1.773429289460182190e-02
2.064253576099872589e-02
1.795006729662418365e-02
3.370236232876777649e-02
1.508381124585866928e-02
1.630361378192901611e-02
1.288051716983318329e-02
1.549119874835014343e-02
2.820031903684139252e-02
1.237221155315637589e-02
2.238269522786140442e-02
1.344699691981077194e-02
1.827634498476982117e-02
2.618275023996829987e-02
1.452617626637220383e-02
1.391660701483488083e-02
2.722828835248947144e-02
1.843526586890220642e-02
1.938498578965663910e-02
1.237137150019407272e-02
1.505548320710659027e-02
1.834680140018463135e-02
1.515622250735759735e-02
1.462150271981954575e-02
1.355989184230566025e-02
1.913765072822570801e-02
2.213001251220703125e-02
2.197758480906486511e-02
1.466794684529304504e-02
3.548793494701385498e-02
1.315900124609470367e-02
1.837745681405067444e-02
1.780536398291587830e-02
1.753695681691169739e-02
3.578081354498863220e-02
3.051760233938694000e-02
3.401965275406837463e-02
2.387663163244724274e-02
1.310029532760381699e-02
1.630000956356525421e-02
3.030549176037311554e-02
1.482578087598085403e-02
1.261402387171983719e-02
2.274464257061481476e-02
4.971121251583099365e-02
1.878807321190834045e-02
1.662347465753555298e-02
1.213060133159160614e-02
2.621740289032459259e-02
2.337655238807201385e-02
1.565868407487869263e-02
2.651718631386756897e-02
1.448668446391820908e-02
1.184124406427145004e-02
1.948788762092590332e-02
2.785246819257736206e-02
2.697332389652729034e-02
1.577137038111686707e-02
1.295936387032270432e-02
1.963758468627929688e-02
1.272634137421846390e-02
1.536794099956750870e-02
1.521212421357631683e-02
1.491741463541984558e-02
3.055474720895290375e-02
1.524184644222259521e-02
2.101933769881725311e-02
1.254843454807996750e-02
2.442127093672752380e-02
1.596734113991260529e-02
1.258954126387834549e-02
1.512528304010629654e-02
2.854308672249317169e-02
1.505301520228385925e-02
2.239293791353702545e-02
1.421035453677177429e-02
2.245208993554115295e-02
1.460614893585443497e-02
1.934827491641044617e-02
6.980752944946289062e-02
1.925390958786010742e-02
1.532643847167491913e-02
1.919977180659770966e-02
2.384785935282707214e-02
1.719100028276443481e-02
3.366322442889213562e-02
1.533041335642337799e-02
1.610914804041385651e-02
2.252005785703659058e-02
4.105315357446670532e-02
1.668509468436241150e-02
1.842403598129749298e-02
1.327029801905155182e-02
1.372180134057998657e-02
1.800513267517089844e-02
1.778842322528362274e-02
1.695873588323593140e-02
1.707695610821247101e-02
3.070190362632274628e-02
1.315154507756233215e-02
1.863495819270610809e-02
1.658692769706249237e-02
1.639491505920886993e-02
1.168778352439403534e-02
1.467603724449872971e-02
1.869580894708633423e-02
1.615695096552371979e-02
1.849335059523582458e-02
2.386865019798278809e-02
2.833787165582180023e-02
2.100487984716892242e-02
2.796285971999168396e-02
1.894430257380008698e-02
1.709776930510997772e-02
2.421428076922893524e-02
2.517325989902019501e-02
1.791883632540702820e-02
1.910081319510936737e-02
1.866341568529605865e-02
1.385224610567092896e-02
1.512053143233060837e-02
2.378416620194911957e-02
1.898667030036449432e-02
2.275385707616806030e-02
1.262976042926311493e-02
1.623717136681079865e-02
2.593094483017921448e-02
1.848833262920379639e-02
2.356872893869876862e-02
1.721468754112720490e-02
1.897031441330909729e-02
1.447248831391334534e-02
2.519881166517734528e-02
1.432381290942430496e-02
1.668516732752323151e-02
1.795204728841781616e-02
2.099012769758701324e-02
2.247540839016437531e-02
1.269092597067356110e-02
2.221669256687164307e-02
1.983271352946758270e-02
3.501329571008682251e-02
1.265257038176059723e-02
2.796154655516147614e-02
1.151710189878940582e-02
2.459115535020828247e-02
1.700961031019687653e-02
1.961730048060417175e-02
3.927400335669517517e-02
1.131173036992549896e-02
1.381267234683036804e-02
1.343666668981313705e-02
1.711724139750003815e-02
1.615502312779426575e-02
1.868140511214733124e-02
1.638998091220855713e-02
1.499226316809654236e-02
1.362788025289773941e-02
1.627585105597972870e-02
1.341340318322181702e-02
1.672286354005336761e-02
1.575719006359577179e-02
1.508877798914909363e-02
2.317202650010585785e-02
2.302377298474311829e-02
1.883152686059474945e-02
2.461474575102329254e-02
2.786542847752571106e-02
2.284450083971023560e-02
1.735273934900760651e-02
1.258349418640136719e-02
1.420974731445312500e-02
2.608096227049827576e-02
1.347463019192218781e-02
1.970282010734081268e-02
3.076488524675369263e-02
1.882156915962696075e-02
1.713312603533267975e-02
1.338734105229377747e-02
1.590422540903091431e-02
2.248753234744071960e-02
2.104177325963973999e-02
2.455079182982444763e-02
1.423946209251880646e-02
1.955996826291084290e-02
1.151841692626476288e-02
1.243479177355766296e-02
1.762430369853973389e-02
2.064382098615169525e-02
1.632314361631870270e-02
1.516653597354888916e-02
1.389047503471374512e-02
3.558757156133651733e-02
1.339916978031396866e-02
1.314159203320741653e-02
1.611168868839740753e-02
2.352648042142391205e-02
2.365082316100597382e-02
1.651234924793243408e-02
2.028576284646987915e-02
1.989752054214477539e-02
2.523805387318134308e-02
1.409270707517862320e-02
1.592376083135604858e-02
1.532495114952325821e-02
1.168655324727296829e-02
1.309005077928304672e-02
1.476276386529207230e-02
4.991613700985908508e-02
1.310350280255079269e-02
1.875594258308410645e-02
1.305185817182064056e-02
1.507714204490184784e-02
1.155649684369564056e-02
1.299472339451313019e-02
3.923209756612777710e-02
1.555880811065435410e-02
2.270099520683288574e-02
2.637810632586479187e-02
2.766149304807186127e-02
1.072542462497949600e-02
2.029110491275787354e-02
1.948172785341739655e-02
2.103351242840290070e-02
5.568986758589744568e-02
2.807761728763580322e-02
2.974691055715084076e-02
4.339902475476264954e-02
1.433576643466949463e-02
1.928393729031085968e-02
1.664975285530090332e-02
6.754422187805175781e-02
2.546888403594493866e-02
1.834540441632270813e-02
3.006426617503166199e-02
1.490075513720512390e-02
1.260745991021394730e-02
1.968013308942317963e-02
2.742891758680343628e-02
1.837130635976791382e-02
1.380324177443981171e-02
2.374525740742683411e-02
1.474583428353071213e-02
1.755555905401706696e-02
2.032238990068435669e-02
1.211903616786003113e-02
1.269992906600236893e-02
1.424490660429000854e-02
1.231996249407529831e-02
3.041742555797100067e-02
1.826154813170433044e-02
1.805602945387363434e-02
2.960485778748989105e-02
1.248261239379644394e-02
2.174518257379531860e-02
2.060539275407791138e-02
1.716181263327598572e-02
2.827940694987773895e-02
1.916747167706489563e-02
1.298533752560615540e-02
1.566227898001670837e-02
1.278818305581808090e-02
3.039690852165222168e-02
2.218470722436904907e-02
1.539367344230413437e-02
1.201716344803571701e-02
2.110853418707847595e-02
1.451541669666767120e-02
1.279603503644466400e-02
3.003553114831447601e-02
1.690459251403808594e-02
1.553736720234155655e-02
2.227426134049892426e-02
2.821393311023712158e-02
1.497567445039749146e-02
1.175227016210556030e-02
1.120512466877698898e-02
1.420212630182504654e-02
1.765212044119834900e-02
2.190111763775348663e-02
1.704139076173305511e-02
1.564279198646545410e-02
2.004725858569145203e-02
1.689379289746284485e-02
2.352755144238471985e-02
1.708544231951236725e-02
1.734981313347816467e-02
3.382799029350280762e-02
1.508725527673959732e-02
1.370174344629049301e-02
1.257154438644647598e-02
1.413514371961355209e-02
2.676245011389255524e-02
4.231160134077072144e-02
2.651100791990756989e-02
2.280724048614501953e-02
1.492852158844470978e-02
1.248418446630239487e-02
1.148961298167705536e-02
1.458509173244237900e-02
1.424000039696693420e-02
1.393714547157287598e-02
1.472382899373769760e-02
3.428201749920845032e-02
1.370072457939386368e-02
2.253904379904270172e-02
1.424152497202157974e-02
1.967926882207393646e-02
