6.276277542114257812e+00
7.145882606506347656e+00
7.183946609497070312e+00
5.565744876861572266e+00
6.306277275085449219e+00
3.250511646270751953e+00
3.800048828125000000e+00
6.330438137054443359e+00
6.540418624877929688e+00
6.983749866485595703e+00
5.258981227874755859e+00
6.368428707122802734e+00
4.822375774383544922e+00
1.876999020576477051e+00
4.372280597686767578e+00
6.717263221740722656e+00
6.152615547180175781e+00
7.066012382507324219e+00
6.615695953369140625e+00
6.793478012084960938e+00
4.339100837707519531e+00
7.804069995880126953e+00
5.148851871490478516e+00
2.775403261184692383e+00
6.906257629394531250e+00
7.612774968147277832e-01
6.562209129333496094e+00
5.020517349243164062e+00
6.598853111267089844e+00
5.230829715728759766e+00
6.877372264862060547e+00
3.101787328720092773e+00
2.199855327606201172e+00
5.566455364227294922e+00
7.536879539489746094e+00
4.310887813568115234e+00
6.801123142242431641e+00
1.917883515357971191e+00
3.063741683959960938e+00
6.218380451202392578e+00
6.659595966339111328e+00
6.512444496154785156e+00
5.987693786621093750e+00
6.070126056671142578e+00
1.919123530387878418e+00
6.980124950408935547e+00
5.609806060791015625e+00
7.936224937438964844e+00
6.267689704895019531e+00
3.815807819366455078e+00
6.462544441223144531e+00
6.118427753448486328e+00
5.060975074768066406e+00
3.561470270156860352e+00
3.559062004089355469e+00
4.072499275207519531e+00
4.452077388763427734e+00
1.550866365432739258e+00
7.128011703491210938e+00
4.229753017425537109e+00
5.180504322052001953e+00
7.209092140197753906e+00
2.448668956756591797e+00
5.006643772125244141e+00
7.266295909881591797e+00
6.838868618011474609e+00
5.256575584411621094e+00
2.819267272949218750e+00
5.387032508850097656e+00
6.065422058105468750e+00
8.005105972290039062e+00
5.412351131439208984e+00
8.125159263610839844e+00
1.356623053550720215e+00
5.110866546630859375e+00
2.051929235458374023e+00
4.925157546997070312e+00
5.422178268432617188e+00
6.743758201599121094e+00
5.117554664611816406e+00
4.333855152130126953e+00
5.885512351989746094e+00
5.627442836761474609e+00
4.760254383087158203e+00
5.116014480590820312e+00
6.153346061706542969e+00
6.469007015228271484e+00
5.149429321289062500e+00
5.119305133819580078e+00
1.522102236747741699e+00
6.809153079986572266e+00
3.923974990844726562e+00
6.233025550842285156e+00
2.229021072387695312e+00
4.660352230072021484e+00
7.570469379425048828e+00
5.626810073852539062e+00
6.518741250038146973e-01
6.491077423095703125e+00
2.572435140609741211e+00
6.904457569122314453e+00
7.187080383300781250e+00
5.990121841430664062e+00
6.596052169799804688e+00
2.868568181991577148e+00
3.753446102142333984e+00
5.439016819000244141e+00
5.975498199462890625e+00
3.447509288787841797e+00
2.369061708450317383e+00
2.363815546035766602e+00
3.628828048706054688e+00
6.641631126403808594e+00
4.931478977203369141e+00
3.371550321578979492e+00
6.347078323364257812e+00
6.735148906707763672e+00
1.887990355491638184e+00
5.091354846954345703e+00
4.076399803161621094e+00
5.960519313812255859e+00
3.323926925659179688e+00
5.657538890838623047e+00
4.352625846862792969e+00
6.400315284729003906e+00
9.930900335311889648e-01
2.168946981430053711e+00
5.100795745849609375e+00
6.684790611267089844e+00
7.170107841491699219e+00
5.348587512969970703e+00
1.467258214950561523e+00
3.462754487991333008e+00
7.797673225402832031e+00
6.693041801452636719e+00
3.967839717864990234e+00
1.235785484313964844e+00
6.451900005340576172e+00
4.102401256561279297e+00
5.154447078704833984e+00
5.928998947143554688e+00
4.973399639129638672e+00
5.516690254211425781e+00
3.867763280868530273e+00
2.053296804428100586e+00
6.585439682006835938e+00
5.895277976989746094e+00
7.124676227569580078e+00
3.739764451980590820e+00
3.737229108810424805e+00
5.553192138671875000e+00
5.790434360504150391e+00
6.189310550689697266e+00
4.253503322601318359e+00
4.704048156738281250e+00
5.392734050750732422e+00
2.203741312026977539e+00
7.121555328369140625e+00
3.388683795928955078e+00
6.143557071685791016e+00
6.359361171722412109e+00
6.551824569702148438e+00
6.136727333068847656e+00
6.975303173065185547e+00
6.327652454376220703e+00
5.442249298095703125e+00
5.707737445831298828e+00
5.976914405822753906e+00
6.544306278228759766e+00
3.452901840209960938e+00
4.422368049621582031e+00
6.601539611816406250e+00
5.950872898101806641e+00
4.268208503723144531e+00
5.786491394042968750e+00
5.096575736999511719e+00
5.754928588867187500e+00
6.745435714721679688e+00
7.530203819274902344e+00
5.555220127105712891e+00
6.521941184997558594e+00
1.016127204895019531e+01
6.470065593719482422e+00
5.108136653900146484e+00
4.758261680603027344e+00
6.405918598175048828e+00
2.736953735351562500e+00
6.271376609802246094e+00
6.418186187744140625e+00
6.511064052581787109e+00
2.611348867416381836e+00
6.760835647583007812e+00
6.589107036590576172e+00
3.661769151687622070e+00
5.913271903991699219e+00
7.464299678802490234e+00
6.625969409942626953e+00
5.784746170043945312e+00
4.976479530334472656e+00
4.765625476837158203e+00
4.522876739501953125e+00
6.471371650695800781e+00
7.675699710845947266e+00
5.246361255645751953e+00
2.569149255752563477e+00
6.927924156188964844e+00
7.138929367065429688e+00
7.942157745361328125e+00
5.157570838928222656e+00
5.294808387756347656e+00
4.900753974914550781e+00
5.807728767395019531e+00
5.377146720886230469e+00
8.479161858558654785e-01
5.754769325256347656e+00
4.182452678680419922e+00
1.286808133125305176e+00
5.346487998962402344e+00
1.833596825599670410e+00
7.018907070159912109e+00
3.008874177932739258e+00
4.379082679748535156e+00
2.139678478240966797e+00
1.957323551177978516e+00
6.036354541778564453e+00
6.298374652862548828e+00
6.123955249786376953e+00
7.139892578125000000e+00
6.696807861328125000e+00
7.210321903228759766e+00
4.424379348754882812e+00
4.501669406890869141e+00
4.379515647888183594e+00
6.394227981567382812e+00
6.295582294464111328e+00
2.033025026321411133e+00
5.582759380340576172e+00
1.977386236190795898e+00
3.095472574234008789e+00
5.495160579681396484e+00
6.731443405151367188e+00
6.307585716247558594e+00
3.195360183715820312e+00
6.794485569000244141e+00
3.259181976318359375e+00
3.571434259414672852e+00
6.679466247558593750e+00
5.242265701293945312e+00
6.765606880187988281e+00
3.914048433303833008e+00
7.546535968780517578e+00
5.239546775817871094e+00
8.559621810913085938e+00
6.782840251922607422e+00
2.360618114471435547e+00
4.328485012054443359e+00
6.811827182769775391e+00
6.132508277893066406e+00
6.214167118072509766e+00
6.802446842193603516e+00
4.675772666931152344e+00
6.984173297882080078e+00
7.104991436004638672e+00
6.544382095336914062e+00
5.589053153991699219e+00
3.514666318893432617e+00
5.612510681152343750e+00
5.985400676727294922e+00
5.916316032409667969e+00
4.874848842620849609e+00
6.496119976043701172e+00
4.053486824035644531e+00
5.897439956665039062e+00
5.757813453674316406e+00
4.468968868255615234e+00
5.434754371643066406e+00
6.321192741394042969e+00
6.104295730590820312e+00
3.827625989913940430e+00
2.663492202758789062e+00
5.807451725006103516e+00
4.296405792236328125e+00
6.604531288146972656e+00
6.296943187713623047e+00
5.306614875793457031e+00
5.457928180694580078e+00
5.828002929687500000e+00
4.012527465820312500e+00
6.388610839843750000e+00
7.218593597412109375e+00
3.153032541275024414e+00
5.455259799957275391e+00
4.809860229492187500e+00
2.794537067413330078e+00
1.567692637443542480e+00
5.182013034820556641e+00
6.287096500396728516e+00
5.683542251586914062e+00
2.621183633804321289e+00
2.563224554061889648e+00
6.172502040863037109e+00
7.165707588195800781e+00
4.779302120208740234e+00
2.845545768737792969e+00
6.708189010620117188e+00
7.527175426483154297e+00
5.740224838256835938e+00
2.970580101013183594e+00
1.669759869575500488e+00
7.515518665313720703e+00
8.730236053466796875e+00
5.082585811614990234e+00
4.424925804138183594e+00
6.707119941711425781e+00
3.383703708648681641e+00
7.358929634094238281e+00
3.780883550643920898e+00
8.846122741699218750e+00
4.780240535736083984e+00
6.472415447235107422e+00
6.433752536773681641e+00
6.529600143432617188e+00
2.785469770431518555e+00
7.269252777099609375e+00
1.987439155578613281e+00
6.713740348815917969e+00
7.011602878570556641e+00
8.070257186889648438e+00
7.165934085845947266e+00
1.770103096961975098e+00
6.499060153961181641e+00
4.227675914764404297e+00
4.102620124816894531e+00
4.814090728759765625e+00
5.910813331604003906e+00
6.779812335968017578e+00
7.654390335083007812e+00
3.798846721649169922e+00
2.165882349014282227e+00
5.243882656097412109e+00
5.223655223846435547e+00
3.863432407379150391e+00
3.648925781250000000e+00
6.201141834259033203e+00
5.992774486541748047e+00
2.175125360488891602e+00
5.518486022949218750e+00
3.884919404983520508e+00
4.844470977783203125e+00
6.665570735931396484e+00
6.003988265991210938e+00
3.434320211410522461e+00
7.241082668304443359e+00
5.956236839294433594e+00
2.294978141784667969e+00
6.497446537017822266e+00
6.228863239288330078e+00
3.435213565826416016e+00
3.848124027252197266e+00
8.205745697021484375e+00
2.344702243804931641e+00
5.665716171264648438e+00
6.690425395965576172e+00
6.586227893829345703e+00
9.850357055664062500e+00
6.298664093017578125e+00
5.181726455688476562e+00
6.699766159057617188e+00
7.003299236297607422e+00
5.809736728668212891e+00
6.524782657623291016e+00
3.082201719284057617e+00
3.943021059036254883e+00
6.090256690979003906e+00
6.769276618957519531e+00
5.259001255035400391e+00
6.134516716003417969e+00
4.150485992431640625e+00
6.508008480072021484e+00
8.118420600891113281e+00
3.097167491912841797e+00
4.469588279724121094e+00
7.178487300872802734e+00
6.214359283447265625e+00
3.836226463317871094e+00
6.314065933227539062e+00
6.146162509918212891e+00
4.520557880401611328e+00
6.542824268341064453e+00
6.451407432556152344e+00
4.473728179931640625e+00
6.868309974670410156e+00
6.063405513763427734e+00
4.992957115173339844e+00
5.086724758148193359e+00
6.294159889221191406e+00
5.670524120330810547e+00
5.734394550323486328e+00
6.799787521362304688e+00
5.111740589141845703e+00
5.231615543365478516e+00
4.978652000427246094e+00
5.677606105804443359e+00
1.698866724967956543e+00
3.270103693008422852e+00
6.153731822967529297e+00
6.767206192016601562e+00
1.740542173385620117e+00
5.778994560241699219e+00
5.530302047729492188e+00
3.437399148941040039e+00
4.786855220794677734e+00
3.401018619537353516e+00
3.236458301544189453e+00
6.487644195556640625e+00
6.984080314636230469e+00
2.072758674621582031e+00
5.863979339599609375e+00
6.136492729187011719e+00
6.643202781677246094e+00
5.590853214263916016e+00
6.875401973724365234e+00
3.219322919845581055e+00
5.722898960113525391e+00
4.200596809387207031e+00
6.985031127929687500e+00
6.139988899230957031e+00
5.607067108154296875e+00
3.851488590240478516e+00
4.195659160614013672e+00
4.047187805175781250e+00
5.620857238769531250e+00
6.186681747436523438e+00
7.239470005035400391e+00
5.039262294769287109e+00
5.564634323120117188e+00
7.163570880889892578e+00
5.244332313537597656e+00
3.616372108459472656e+00
1.066198229789733887e+00
1.897598981857299805e+00
1.258113980293273926e+00
5.255920410156250000e+00
5.863921165466308594e+00
6.524353504180908203e+00
3.606264829635620117e+00
2.869428873062133789e+00
6.033309459686279297e+00
5.233146190643310547e+00
5.496783256530761719e+00
3.036242723464965820e+00
2.086267232894897461e+00
2.111651182174682617e+00
5.602800846099853516e+00
3.487297534942626953e+00
1.790470480918884277e+00
4.807838916778564453e+00
1.784435749053955078e+00
5.147008895874023438e+00
7.409277915954589844e+00
5.920963764190673828e+00
3.365615129470825195e+00
9.037430286407470703e-01
5.901844024658203125e+00
6.428318023681640625e+00
5.824655532836914062e+00
5.383473873138427734e+00
5.337448120117187500e+00
6.227838516235351562e+00
6.070536613464355469e+00
3.328407764434814453e+00
3.268620252609252930e+00
4.507068157196044922e+00
7.792346477508544922e+00
2.118526935577392578e+00
5.350501060485839844e+00
4.915169715881347656e+00
6.432740688323974609e+00
7.257741451263427734e+00
6.435678958892822266e+00
7.252404689788818359e+00
3.779960870742797852e+00
6.515441417694091797e+00
5.891449928283691406e+00
6.056402683258056641e+00
5.579642295837402344e+00
4.109234333038330078e+00
5.135712146759033203e+00
7.436062335968017578e+00
4.495272636413574219e+00
6.067449092864990234e+00
2.985328435897827148e+00
2.093800306320190430e+00
6.344588279724121094e+00
3.267396926879882812e+00
5.816644191741943359e+00
7.407678604125976562e+00
4.086990356445312500e+00
2.516278743743896484e+00
5.222696781158447266e+00
7.391602039337158203e+00
3.776024818420410156e+00
4.904918670654296875e+00
4.076023578643798828e+00
2.007871389389038086e+00
7.046887397766113281e+00
3.729167938232421875e+00
6.061905860900878906e+00
7.302348136901855469e+00
8.611497879028320312e+00
6.305920124053955078e+00
6.287269592285156250e+00
6.318212032318115234e+00
4.459088325500488281e+00
1.333750844001770020e+00
7.305664062500000000e+00
6.510884761810302734e+00
2.189059019088745117e+00
5.514221191406250000e+00
3.587321043014526367e+00
5.627282142639160156e+00
7.052533626556396484e+00
6.454540252685546875e+00
7.918035507202148438e+00
7.056257724761962891e+00
6.133914470672607422e+00
4.730384349822998047e+00
6.875279426574707031e+00
3.830180406570434570e+00
6.356846332550048828e+00
4.905796527862548828e+00
6.052892208099365234e+00
3.832445144653320312e+00
4.129814624786376953e+00
8.462643623352050781e+00
3.946919441223144531e+00
5.245732784271240234e+00
2.161433458328247070e+00
6.565382480621337891e+00
4.963211536407470703e+00
4.831886768341064453e+00
2.051503181457519531e+00
5.829041481018066406e+00
2.639429092407226562e+00
3.188372373580932617e+00
3.423849105834960938e+00
4.488739967346191406e+00
6.733791351318359375e+00
6.012723445892333984e+00
2.175625085830688477e+00
3.618227958679199219e+00
6.877078533172607422e+00
1.108532428741455078e+00
3.743618726730346680e+00
5.104488372802734375e+00
4.695782661437988281e+00
4.036081314086914062e+00
2.835705041885375977e+00
6.292633056640625000e+00
2.707714080810546875e+00
3.746188163757324219e+00
6.841934204101562500e+00
5.590595722198486328e+00
5.643451213836669922e+00
5.777568817138671875e+00
3.685379505157470703e+00
6.130109786987304688e+00
5.446080207824707031e+00
6.224019527435302734e+00
4.527104377746582031e+00
6.589816093444824219e+00
5.565210819244384766e+00
7.103282451629638672e+00
3.339424133300781250e+00
6.904326438903808594e+00
3.836544752120971680e+00
6.670298099517822266e+00
3.501423835754394531e+00
6.479354381561279297e+00
3.610361576080322266e+00
2.394825220108032227e+00
3.752538204193115234e+00
4.219820499420166016e+00
6.053493022918701172e+00
2.591995239257812500e+00
6.537891387939453125e+00
7.669385910034179688e+00
7.221564769744873047e+00
5.164228916168212891e+00
5.022299766540527344e+00
3.034807443618774414e+00
6.875237941741943359e+00
7.323356151580810547e+00
6.821077346801757812e+00
5.975729465484619141e+00
4.058609485626220703e+00
3.149895191192626953e+00
7.171923160552978516e+00
3.945626497268676758e+00
3.530471086502075195e+00
6.517595291137695312e+00
3.982103824615478516e+00
4.137861251831054688e+00
4.762886524200439453e+00
5.711386680603027344e+00
6.603462219238281250e+00
6.340811729431152344e+00
3.476647615432739258e+00
3.771049022674560547e+00
3.030757427215576172e+00
2.223150968551635742e+00
4.845043659210205078e+00
3.652496337890625000e+00
3.321842432022094727e+00
3.247514009475708008e+00
3.200212001800537109e+00
2.815257072448730469e+00
6.869138717651367188e+00
4.814116477966308594e+00
4.976196765899658203e+00
6.269039630889892578e+00
5.307572364807128906e+00
3.220464706420898438e+00
4.255576610565185547e+00
5.427931308746337891e+00
6.165988922119140625e+00
8.372472763061523438e+00
5.601263523101806641e+00
7.578887462615966797e+00
3.641079187393188477e+00
4.824714183807373047e+00
4.135237216949462891e+00
6.402812480926513672e+00
3.220288276672363281e+00
6.266609191894531250e+00
4.055712223052978516e+00
4.414060115814208984e+00
5.150424003601074219e+00
6.796431064605712891e+00
5.844035625457763672e+00
5.172325611114501953e+00
3.977326393127441406e+00
2.052572488784790039e+00
4.845595359802246094e+00
2.997275114059448242e+00
5.329057693481445312e+00
6.834471702575683594e+00
6.396791934967041016e+00
6.781827926635742188e+00
3.056891202926635742e+00
5.001222610473632812e+00
6.367053508758544922e+00
5.644938945770263672e+00
4.408339500427246094e+00
4.607616424560546875e+00
3.451286554336547852e+00
8.406375885009765625e+00
5.866160392761230469e+00
5.971600055694580078e+00
3.583595275878906250e+00
5.961824893951416016e+00
7.442205905914306641e+00
7.592882633209228516e+00
6.440173149108886719e+00
5.391417026519775391e+00
4.082291126251220703e+00
6.121668815612792969e+00
5.080400466918945312e+00
2.997942209243774414e+00
4.499282836914062500e+00
7.018779277801513672e+00
5.880211353302001953e+00
7.570288658142089844e+00
5.982846260070800781e+00
4.435292243957519531e+00
6.746326446533203125e+00
3.929698228836059570e+00
3.888362407684326172e+00
6.498505592346191406e+00
6.136509418487548828e+00
6.282170772552490234e+00
2.326959371566772461e+00
6.066503524780273438e+00
4.134572982788085938e+00
3.248819112777709961e+00
5.811882495880126953e+00
5.433115482330322266e+00
5.756511688232421875e+00
6.213378429412841797e+00
2.257645606994628906e+00
3.911642551422119141e+00
6.118734359741210938e+00
6.924938678741455078e+00
1.607257962226867676e+00
5.635131359100341797e+00
6.799499988555908203e+00
5.474076747894287109e+00
5.722688198089599609e+00
3.049221515655517578e+00
7.008594989776611328e+00
7.692045688629150391e+00
2.440367221832275391e+00
1.524346470832824707e+00
5.534682750701904297e+00
7.148362159729003906e+00
4.319871902465820312e+00
5.486762523651123047e+00
6.073577404022216797e+00
7.311216831207275391e+00
3.006966352462768555e+00
6.489981651306152344e+00
2.089898347854614258e+00
6.117419242858886719e+00
5.787737369537353516e+00
5.412810802459716797e+00
5.856262683868408203e+00
1.216825604438781738e+00
5.568138599395751953e+00
3.571211576461791992e+00
4.350072383880615234e+00
7.547706127166748047e+00
5.000427246093750000e+00
4.816136360168457031e+00
6.614655971527099609e+00
3.238728523254394531e+00
2.273639678955078125e+00
4.658073902130126953e+00
6.774779319763183594e+00
1.467291116714477539e+00
5.866005897521972656e+00
5.340422630310058594e+00
5.119791507720947266e+00
3.581175327301025391e+00
4.637703895568847656e+00
3.804267168045043945e+00
2.630620956420898438e+00
7.138842105865478516e+00
6.089926719665527344e+00
3.589968681335449219e+00
3.160009622573852539e+00
7.539374828338623047e+00
6.886293411254882812e+00
5.433955192565917969e+00
7.135127067565917969e+00
6.991970062255859375e+00
4.155148983001708984e+00
6.289897918701171875e+00
5.641898632049560547e+00
5.762469291687011719e+00
6.052932739257812500e+00
3.855884313583374023e+00
5.404817104339599609e+00
4.763584136962890625e+00
3.147881507873535156e+00
5.934194564819335938e+00
4.593572139739990234e+00
3.766687393188476562e+00
6.139573097229003906e+00
5.317791938781738281e+00
3.763022661209106445e+00
6.621412277221679688e+00
7.220276355743408203e+00
6.157293319702148438e+00
2.322437524795532227e+00
4.643507480621337891e+00
6.571816921234130859e+00
6.010078907012939453e+00
5.758141517639160156e+00
6.001825332641601562e+00
5.959459304809570312e+00
1.565415024757385254e+00
6.667090415954589844e+00
7.032726287841796875e+00
5.187062263488769531e+00
2.798265218734741211e+00
6.915168762207031250e+00
5.664503574371337891e+00
4.098814964294433594e+00
6.528354167938232422e+00
7.650098323822021484e+00
8.398070335388183594e+00
6.256667137145996094e+00
7.963012218475341797e+00
5.212316989898681641e+00
7.216188907623291016e+00
3.977574110031127930e+00
2.647330760955810547e+00
5.327181339263916016e+00
2.732056379318237305e+00
7.399331092834472656e+00
4.747637748718261719e+00
5.715414524078369141e+00
6.186511993408203125e+00
4.771932125091552734e+00
5.414753913879394531e+00
2.332588195800781250e+00
4.856647491455078125e+00
6.055195808410644531e+00
5.962567806243896484e+00
4.911983489990234375e+00
5.258476257324218750e+00
4.549504756927490234e+00
6.534329891204833984e+00
5.389795303344726562e+00
3.999562501907348633e+00
5.116814136505126953e+00
5.160369873046875000e+00
4.630363941192626953e+00
3.948653697967529297e+00
