8.229307085275650024e-02
1.825661212205886841e-02
4.144763574004173279e-02
1.308074221014976501e-02
2.446542307734489441e-02
5.550785735249519348e-02
9.944177418947219849e-02
5.146596580743789673e-02
1.570989936590194702e-02
3.008367680013179779e-02
4.407529905438423157e-02
3.106030449271202087e-02
3.396989405155181885e-02
2.160511724650859833e-02
2.055567316710948944e-02
5.843827500939369202e-02
4.749296605587005615e-02
6.207052245736122131e-02
4.075618088245391846e-02
2.495325915515422821e-02
1.586670987308025360e-02
3.145784139633178711e-02
1.299895718693733215e-02
2.588743902742862701e-02
6.002874672412872314e-02
9.499513357877731323e-02
5.006534606218338013e-02
1.259306538850069046e-02
3.176455199718475342e-02
1.226656883955001831e-02
2.775771543383598328e-02
1.321471929550170898e-01
2.020813338458538055e-02
3.569277003407478333e-02
4.870732128620147705e-02
2.986706793308258057e-02
4.100720584392547607e-02
9.239943325519561768e-02
2.842459641396999359e-02
5.356444045901298523e-02
1.826841756701469421e-02
3.375935181975364685e-02
3.393049910664558411e-02
7.255820930004119873e-02
2.228001132607460022e-02
1.495943404734134674e-02
2.214176952838897705e-02
4.629519954323768616e-02
3.395213931798934937e-02
3.053316660225391388e-02
4.461329057812690735e-02
5.474311113357543945e-02
1.384896133095026016e-02
6.030813977122306824e-02
2.402862720191478729e-02
2.463671006262302399e-02
4.174682125449180603e-02
7.246368378400802612e-02
1.023870147764682770e-02
1.579416356980800629e-02
2.886021882295608521e-02
4.827416315674781799e-02
2.102877013385295868e-02
9.381883591413497925e-02
6.790704280138015747e-02
3.284543007612228394e-02
3.555124253034591675e-02
7.137298583984375000e-02
1.401297282427549362e-02
3.567404299974441528e-02
6.424765288829803467e-02
2.125606685876846313e-02
3.793006017804145813e-02
2.614502049982547760e-02
5.574462935328483582e-02
8.329413086175918579e-02
4.712108522653579712e-02
5.180138349533081055e-02
3.768046200275421143e-02
1.201593689620494843e-02
3.184055909514427185e-02
2.833746932446956635e-02
9.001332521438598633e-02
2.795459330081939697e-02
5.927181616425514221e-02
5.568149313330650330e-02
1.645538583397865295e-02
2.328999899327754974e-02
3.933635354042053223e-02
5.350735038518905640e-02
5.714301764965057373e-02
4.000444337725639343e-02
2.553229220211505890e-02
2.815154381096363068e-02
1.914276182651519775e-02
2.620357647538185120e-02
6.421414017677307129e-02
8.766758441925048828e-02
1.620276086032390594e-02
3.515242785215377808e-02
4.514971002936363220e-02
1.488068047910928726e-02
3.373549878597259521e-02
8.746900409460067749e-02
1.125888526439666748e-01
1.389684807509183884e-02
1.725560426712036133e-02
5.455122143030166626e-02
6.288165599107742310e-02
7.947431504726409912e-02
3.065629117190837860e-02
3.615727275609970093e-02
3.568684309720993042e-02
2.624714002013206482e-02
5.390776693820953369e-02
2.930742874741554260e-02
2.405690215528011322e-02
3.884926810860633850e-02
1.006963700056076050e-01
1.180070564150810242e-01
4.227599874138832092e-02
1.128314733505249023e-01
2.937846817076206207e-02
5.738560482859611511e-02
2.258711680769920349e-02
3.811414167284965515e-02
2.537983842194080353e-02
4.723860323429107666e-02
2.229084260761737823e-02
3.957525268197059631e-02
4.344998672604560852e-02
4.322374984622001648e-02
1.049645021557807922e-01
4.768511280417442322e-02
2.699769102036952972e-02
3.616068139672279358e-02
8.675779402256011963e-02
2.200371585786342621e-02
9.763082489371299744e-03
4.019959270954132080e-02
3.175707161426544189e-02
5.664363503456115723e-02
4.672788456082344055e-02
8.091632276773452759e-02
7.078875601291656494e-02
6.727696955204010010e-02
2.123532630503177643e-02
2.614252455532550812e-02
6.503010541200637817e-02
4.120942577719688416e-02
2.455485984683036804e-02
5.504349246621131897e-03
2.770530432462692261e-02
1.021440401673316956e-01
3.102182038128376007e-02
2.386906743049621582e-02
1.219267677515745163e-02
2.637997828423976898e-02
6.552354246377944946e-02
2.796738967299461365e-02
4.995692055672407150e-03
5.659451708197593689e-03
3.301893174648284912e-02
2.777810022234916687e-02
2.536514960229396820e-02
3.432501479983329773e-02
3.925902396440505981e-02
1.863253116607666016e-02
5.637478455901145935e-02
6.598403304815292358e-02
1.242096163332462311e-02
2.526805177330970764e-02
4.257404804229736328e-02
4.026437550783157349e-02
2.531085349619388580e-02
4.190527275204658508e-02
2.541289851069450378e-02
3.192840144038200378e-02
5.231546610593795776e-02
2.248814143240451813e-02
5.398412421345710754e-02
6.198007240891456604e-02
4.090617224574089050e-02
3.299610316753387451e-02
1.565599255263805389e-02
7.496359944343566895e-02
3.036569431424140930e-02
3.607783466577529907e-02
2.066267654299736023e-02
2.080085873603820801e-02
4.254708439111709595e-02
1.166641488671302795e-01
2.708224952220916748e-02
2.101386338472366333e-02
3.524138778448104858e-02
4.694671556353569031e-02
2.242636680603027344e-02
2.229729853570461273e-02
2.237824164330959320e-02
1.274769753217697144e-02
1.058220341801643372e-01
2.943859063088893890e-02
4.445524513721466064e-02
1.679122447967529297e-02
3.142587095499038696e-02
2.938603982329368591e-02
2.396157197654247284e-02
6.075341999530792236e-02
7.396734505891799927e-02
1.146351546049118042e-02
3.582186624407768250e-02
4.888876155018806458e-02
2.301084250211715698e-02
3.387056663632392883e-02
2.034697867929935455e-02
5.978137999773025513e-02
4.922907426953315735e-02
3.274443000555038452e-02
1.343197077512741089e-01
3.519592061638832092e-02
1.442537009716033936e-01
2.159421890974044800e-02
1.278633996844291687e-02
1.351868510246276855e-01
3.565160930156707764e-02
5.204010009765625000e-02
5.950102582573890686e-02
1.730264350771903992e-02
3.447623550891876221e-02
4.685125127434730530e-02
4.689510539174079895e-02
9.801623225212097168e-02
4.835153371095657349e-02
3.952523693442344666e-02
2.444407157599925995e-02
6.180270016193389893e-02
2.851971611380577087e-02
6.236059963703155518e-02
1.295615453273057938e-02
1.584921404719352722e-02
5.768104270100593567e-02
2.131548710167407990e-02
6.585633754730224609e-02
3.977018594741821289e-02
1.183632388710975647e-01
7.429294288158416748e-02
4.006282612681388855e-02
3.458959609270095825e-02
3.873020038008689880e-02
5.049704760313034058e-02
1.523571833968162537e-02
4.313677549362182617e-02
4.584939405322074890e-02
3.477509692311286926e-02
6.051832437515258789e-02
5.979197099804878235e-02
3.744242712855339050e-02
4.185585770756006241e-03
1.731408387422561646e-02
4.570700600743293762e-02
4.074919596314430237e-02
5.287965759634971619e-03
2.398690953850746155e-02
6.552439928054809570e-02
1.072623208165168762e-01
4.792100563645362854e-02
4.172574728727340698e-02
2.776493504643440247e-02
3.491593897342681885e-02
3.796118125319480896e-02
1.636294461786746979e-02
4.743805155158042908e-02
3.778298944234848022e-02
1.913663744926452637e-02
7.004487514495849609e-02
4.591209813952445984e-02
3.486607223749160767e-02
3.448556363582611084e-02
6.605825573205947876e-02
1.366050839424133301e-01
5.031920969486236572e-02
3.954016044735908508e-02
1.614374294877052307e-02
3.369293361902236938e-02
1.872556284070014954e-02
5.658106878399848938e-02
7.810094393789768219e-03
6.393297016620635986e-02
3.411987051367759705e-02
4.770451784133911133e-02
9.641501121222972870e-03
4.451637715101242065e-02
2.667976915836334229e-02
1.349138468503952026e-01
4.728071391582489014e-02
3.514151647686958313e-02
1.534785795956850052e-02
3.232961148023605347e-02
1.103421524167060852e-01
3.497650474309921265e-02
5.143083631992340088e-02
2.768488973379135132e-02
7.593326270580291748e-02
5.766936764121055603e-02
3.991784527897834778e-02
2.730387635529041290e-02
8.734917640686035156e-02
3.557988628745079041e-02
3.398601338267326355e-02
2.685446664690971375e-02
3.872492909431457520e-02
1.677265577018260956e-02
6.841745972633361816e-02
2.028936706483364105e-02
3.442084044218063354e-02
4.133085906505584717e-02
7.485407590866088867e-02
3.755016624927520752e-02
1.054002437740564346e-02
2.555201575160026550e-02
2.613515406847000122e-02
2.501713111996650696e-02
3.671130910515785217e-02
5.165756121277809143e-02
2.559783495962619781e-02
1.845494844019412994e-02
2.617855928838253021e-02
3.453202173113822937e-02
6.352841854095458984e-02
8.052258938550949097e-02
2.790844254195690155e-02
4.723406210541725159e-02
5.969436839222908020e-02
3.664734587073326111e-02
3.813509643077850342e-02
1.955668814480304718e-02
2.619990147650241852e-02
2.079017460346221924e-02
7.254289090633392334e-02
4.241937026381492615e-02
9.446484595537185669e-02
5.613950267434120178e-02
5.991413071751594543e-02
4.940325021743774414e-02
6.090581417083740234e-02
3.574095666408538818e-02
3.696111962199211121e-02
4.119688645005226135e-02
2.733650431036949158e-02
4.608938097953796387e-02
9.290560334920883179e-02
7.071627676486968994e-02
8.184693008661270142e-02
2.002402208745479584e-02
4.388052597641944885e-02
4.871896654367446899e-02
4.355515539646148682e-02
8.570297807455062866e-02
8.782465755939483643e-02
5.646644905209541321e-02
1.464129518717527390e-02
1.401903200894594193e-02
3.526734560728073120e-02
4.167044535279273987e-02
3.735631704330444336e-02
1.119702588766813278e-02
3.249875083565711975e-02
3.169910982251167297e-02
4.791966080665588379e-02
5.512442439794540405e-02
4.183771088719367981e-02
2.639269642531871796e-02
3.961157798767089844e-02
4.129394143819808960e-02
4.126321151852607727e-02
1.180731784552335739e-02
3.155062720179557800e-02
5.255869403481483459e-02
5.043147131800651550e-02
4.313645511865615845e-02
2.015879377722740173e-02
3.329654783010482788e-02
3.166549652814865112e-02
4.291154444217681885e-02
6.247426941990852356e-02
3.383544459939002991e-02
2.162999287247657776e-02
2.943430282175540924e-02
2.950371056795120239e-02
3.012124635279178619e-02
1.080490183085203171e-02
3.132193908095359802e-02
1.390086859464645386e-02
1.013150140643119812e-01
5.165609344840049744e-02
5.943113192915916443e-02
1.059848442673683167e-02
1.207615714520215988e-02
3.381542861461639404e-02
5.320480838418006897e-02
3.474374115467071533e-02
1.207612678408622742e-01
4.146789386868476868e-02
1.537700295448303223e-01
3.117064386606216431e-02
7.747361063957214355e-02
2.301745489239692688e-02
1.000594571232795715e-01
3.626233339309692383e-02
6.578281521797180176e-02
1.444250494241714478e-01
3.213888034224510193e-02
2.928343974053859711e-02
3.991882130503654480e-02
3.891070187091827393e-02
2.593557722866535187e-02
6.990208476781845093e-02
2.790054678916931152e-02
1.870060712099075317e-02
4.357974603772163391e-02
2.697198837995529175e-02
6.169112026691436768e-02
2.102697081863880157e-02
3.081276081502437592e-02
4.820345342159271240e-02
3.673682734370231628e-02
2.614824101328849792e-02
2.463674359023571014e-02
6.265226751565933228e-02
1.047190092504024506e-02
3.453928977251052856e-02
4.962985217571258545e-02
2.533269673585891724e-02
2.566156722605228424e-02
6.152179092168807983e-02
2.728430926799774170e-02
2.958672493696212769e-02
2.792864292860031128e-02
5.962262302637100220e-02
2.411968819797039032e-02
4.514189064502716064e-02
6.947875022888183594e-02
3.806228935718536377e-02
3.400871902704238892e-02
3.595598042011260986e-02
6.135767325758934021e-02
4.019423574209213257e-02
5.000821873545646667e-02
1.008776873350143433e-01
9.972113370895385742e-02
1.105111092329025269e-01
1.317511051893234253e-01
2.543789520859718323e-02
2.242387272417545319e-02
9.806254506111145020e-02
7.111023366451263428e-02
1.506811566650867462e-02
4.226416349411010742e-02
3.990650922060012817e-02
2.021177858114242554e-02
2.636170946061611176e-02
1.988369971513748169e-02
6.477814167737960815e-02
4.306850582361221313e-02
3.259767964482307434e-02
2.804676443338394165e-02
3.125696256756782532e-02
5.884557217359542847e-02
6.210411339998245239e-02
2.891539596021175385e-02
9.189688414335250854e-02
8.429165184497833252e-02
1.847534999251365662e-02
3.994015231728553772e-02
7.095928490161895752e-02
2.174646221101284027e-02
1.378981675952672958e-02
9.618684649467468262e-03
4.922759532928466797e-02
1.351288985460996628e-02
3.507079184055328369e-02
2.299325168132781982e-02
7.825585454702377319e-02
1.315273810178041458e-02
3.827488422393798828e-02
4.142348095774650574e-02
9.393258951604366302e-03
1.287303864955902100e-01
2.992675080895423889e-02
7.738307118415832520e-02
5.239648744463920593e-02
2.380667719990015030e-03
1.207419633865356445e-01
2.837021276354789734e-02
8.927960693836212158e-02
3.247369825839996338e-02
2.758361585438251495e-02
3.105628490447998047e-02
2.597584016621112823e-02
3.350283950567245483e-02
1.760845072567462921e-02
1.466012299060821533e-01
4.312841221690177917e-02
6.287984549999237061e-02
7.808192074298858643e-02
2.729503810405731201e-02
1.206047832965850830e-02
3.400082513689994812e-02
4.110663756728172302e-02
1.058187410235404968e-01
3.590564429759979248e-02
6.721778959035873413e-02
6.209791824221611023e-02
7.822211831808090210e-02
8.305687457323074341e-02
4.107385873794555664e-02
2.591145038604736328e-02
8.640528470277786255e-02
2.482356689870357513e-02
4.568533599376678467e-02
4.435889422893524170e-02
4.998333007097244263e-02
1.567375846207141876e-02
3.657811135053634644e-02
2.433911152184009552e-02
3.255930170416831970e-02
1.841241866350173950e-02
1.361403428018093109e-02
8.347932249307632446e-02
1.471397001296281815e-02
2.975161932408809662e-02
1.295980345457792282e-02
1.075846850872039795e-01
2.434870973229408264e-02
1.334901247173547745e-02
4.483027011156082153e-02
5.295238271355628967e-02
3.292172774672508240e-02
2.725568413734436035e-02
5.224872846156358719e-03
1.036807056516408920e-02
3.156332299113273621e-02
3.157992660999298096e-02
7.318450510501861572e-02
4.975551739335060120e-02
4.572512581944465637e-02
2.426900342106819153e-02
3.719703108072280884e-02
6.305954419076442719e-03
1.140400394797325134e-01
4.492710158228874207e-02
1.659239456057548523e-02
2.805323898792266846e-02
7.234259694814682007e-02
1.183801591396331787e-01
1.550285983830690384e-02
7.615062594413757324e-02
3.877029940485954285e-02
1.625962369143962860e-02
4.484158009290695190e-02
1.047910898923873901e-01
6.057208403944969177e-02
2.392476797103881836e-02
4.115615040063858032e-02
7.129784673452377319e-02
1.385329756885766983e-02
3.280410543084144592e-02
5.222731083631515503e-02
2.721654251217842102e-02
6.780377775430679321e-02
5.423893779516220093e-02
6.002281233668327332e-02
2.890520170331001282e-02
3.656634688377380371e-02
2.838503383100032806e-02
4.210557043552398682e-02
6.752533465623855591e-02
1.556569524109363556e-02
2.764511667191982269e-02
1.166418716311454773e-01
3.024707362055778503e-02
2.259971946477890015e-02
2.930263057351112366e-02
9.840592741966247559e-03
5.120128765702247620e-02
4.855604097247123718e-02
8.433138579130172729e-02
3.343313187360763550e-02
3.167008981108665466e-02
1.011259779334068298e-01
4.552089422941207886e-02
2.973372116684913635e-02
5.018316581845283508e-02
1.360529009252786636e-02
3.709982335567474365e-02
2.351664379239082336e-02
3.810920193791389465e-02
4.983803257346153259e-02
6.074747815728187561e-02
9.311725199222564697e-02
1.631258800625801086e-02
8.456932753324508667e-02
5.827017873525619507e-02
5.352753773331642151e-02
1.160352118313312531e-02
3.661375492811203003e-02
1.766328327357769012e-02
6.625027209520339966e-02
2.262686565518379211e-02
4.479065537452697754e-02
4.531044885516166687e-02
5.986898019909858704e-02
3.458642959594726562e-02
1.855889521539211273e-02
9.793820977210998535e-02
1.223348900675773621e-01
8.250868320465087891e-02
3.214981406927108765e-02
6.853932142257690430e-02
8.448337018489837646e-02
2.087412774562835693e-02
1.541784871369600296e-02
3.086002916097640991e-02
1.437659710645675659e-01
7.692275196313858032e-02
1.266564242541790009e-02
4.436583817005157471e-02
3.083918988704681396e-02
4.460190236568450928e-02
6.165366247296333313e-02
3.979583457112312317e-02
1.051596701145172119e-01
2.573146298527717590e-02
5.029960349202156067e-02
4.021569341421127319e-02
2.976617217063903809e-02
7.451304048299789429e-02
3.818255290389060974e-02
5.426933988928794861e-02
1.646956801414489746e-02
9.569528698921203613e-02
7.582531869411468506e-02
6.419441848993301392e-02
2.624181099236011505e-02
2.535703592002391815e-02
3.007191047072410583e-02
2.620547823607921600e-02
4.284687712788581848e-02
2.056204900145530701e-02
5.990429967641830444e-02
2.376190386712551117e-02
4.591798037290573120e-02
1.327010244131088257e-02
5.134704709053039551e-02
1.014012396335601807e-01
1.140532046556472778e-01
1.736193522810935974e-02
4.529093205928802490e-02
4.128561541438102722e-02
1.938914880156517029e-02
3.569504618644714355e-02
4.985483363270759583e-02
1.900593563914299011e-02
1.621594652533531189e-02
6.976293027400970459e-02
5.768405273556709290e-02
1.901440136134624481e-02
5.691228061914443970e-02
9.404089301824569702e-02
3.093553520739078522e-02
1.176928263157606125e-02
3.225876390933990479e-02
3.741092234849929810e-02
8.099232614040374756e-02
1.691561937332153320e-02
2.882406860589981079e-02
3.073856793344020844e-02
9.512454271316528320e-02
3.827991336584091187e-02
2.998122200369834900e-02
5.492362007498741150e-02
1.072909161448478699e-01
6.328974664211273193e-02
9.508454799652099609e-02
2.158955298364162445e-02
4.432910308241844177e-02
3.105139546096324921e-02
1.520221307873725891e-02
5.369188636541366577e-02
2.778605930507183075e-02
6.158455461263656616e-02
4.571173340082168579e-02
3.994888812303543091e-02
7.842147350311279297e-02
3.606249019503593445e-02
3.200902417302131653e-02
5.964990332722663879e-02
2.316776849329471588e-02
3.205640986561775208e-02
6.200426071882247925e-02
4.755830392241477966e-02
1.064893752336502075e-01
6.801722943782806396e-02
1.668416708707809448e-02
5.487473681569099426e-02
5.450770258903503418e-02
5.697351414710283279e-03
3.523905202746391296e-02
1.654398813843727112e-02
6.505589932203292847e-02
3.562842682003974915e-02
4.553655907511711121e-02
1.245557516813278198e-02
2.491607703268527985e-02
3.196048364043235779e-02
4.528271406888961792e-02
2.531787194311618805e-02
2.101168781518936157e-02
5.759748164564371109e-03
1.236011981964111328e-01
7.750884443521499634e-02
3.729353100061416626e-02
8.633014559745788574e-02
4.649019241333007812e-02
5.651184171438217163e-02
2.220649830996990204e-02
3.446887806057929993e-02
6.179407611489295959e-02
2.860494889318943024e-02
2.162355743348598480e-02
6.969714164733886719e-02
1.057758629322052002e-01
1.746149361133575439e-02
2.128706686198711395e-02
4.868134483695030212e-02
4.309925064444541931e-02
4.815778508782386780e-02
1.708402112126350403e-02
3.634557873010635376e-02
4.271379485726356506e-02
2.050615288317203522e-02
4.030063748359680176e-02
6.747855246067047119e-02
5.208254233002662659e-02
4.333642125129699707e-02
2.353111840784549713e-02
3.656252101063728333e-02
5.152915790677070618e-02
1.276932284235954285e-02
4.091916605830192566e-02
8.289285004138946533e-02
4.440020397305488586e-02
7.747961580753326416e-02
1.213247515261173248e-02
4.196094721555709839e-02
7.185093313455581665e-02
2.016912028193473816e-02
1.877159252762794495e-02
9.451369196176528931e-02
2.175218425691127777e-02
3.526973724365234375e-02
1.525808498263359070e-02
3.719281405210494995e-02
5.234476923942565918e-02
5.838955566287040710e-02
1.555701531469821930e-02
2.474318444728851318e-02
6.644855439662933350e-02
3.157255053520202637e-02
4.143768921494483948e-02
1.854430697858333588e-02
5.366476625204086304e-02
2.918007224798202515e-02
5.143963918089866638e-02
3.845950588583946228e-02
2.835741639137268066e-02
1.966795325279235840e-02
4.089377075433731079e-02
3.012917935848236084e-02
3.485383838415145874e-02
1.255540698766708374e-01
1.931457594037055969e-02
2.946432866156101227e-02
6.532160192728042603e-02
3.531923517584800720e-02
4.246877133846282959e-02
1.148529872298240662e-01
2.656525745987892151e-02
2.885342016816139221e-02
1.289061643183231354e-02
4.796385392546653748e-02
3.676724061369895935e-02
2.214252017438411713e-02
2.771558705717325211e-03
4.436165466904640198e-02
9.100747853517532349e-02
7.342765480279922485e-02
1.442403998225927353e-02
4.546719789505004883e-02
4.022673517465591431e-02
2.554412372410297394e-02
1.514694187790155411e-02
5.318180471658706665e-02
2.754958346486091614e-02
2.377756871283054352e-02
2.928480878472328186e-02
2.764866501092910767e-02
1.786528714001178741e-02
6.117226555943489075e-02
