1.012844181060791016e+01
2.851972103118896484e+00
2.996566295623779297e+00
3.283841371536254883e+00
2.303927421569824219e+00
9.348133087158203125e+00
7.529627323150634766e+00
3.131503820419311523e+00
7.721868515014648438e+00
4.642073631286621094e+00
7.571678638458251953e+00
1.961243391036987305e+00
2.868807315826416016e+00
2.535813140869140625e+01
1.223945903778076172e+01
2.512792348861694336e+00
2.127068758010864258e+00
2.822026491165161133e+00
3.227435350418090820e+00
2.659326791763305664e+00
4.400596141815185547e+00
2.564908981323242188e+00
2.592538356781005859e+00
9.104080963134765625e+01
3.281455755233764648e+00
9.051486206054687500e+01
2.722323417663574219e+00
2.528013706207275391e+00
3.038604021072387695e+00
2.760736703872680664e+00
2.664474248886108398e+00
1.957230567932128906e+01
3.042018699645996094e+01
3.234221935272216797e+00
2.982159376144409180e+00
7.149761199951171875e+00
3.653448581695556641e+00
1.800000000000000000e+02
3.243772029876708984e+00
2.407453298568725586e+00
4.956775665283203125e+00
2.686422824859619141e+00
1.945613980293273926e+00
5.505165100097656250e+00
1.561054229736328125e+01
2.998394966125488281e+00
9.528547525405883789e-01
2.729647636413574219e+00
1.858147859573364258e+00
5.567184448242187500e+00
1.824347853660583496e+00
7.465102076530456543e-01
2.435099601745605469e+00
8.772298812866210938e+00
4.835536479949951172e+00
4.994889259338378906e+00
1.192945384979248047e+01
1.324031257629394531e+01
4.346948623657226562e+00
4.142362594604492188e+00
2.931980133056640625e+00
2.708771944046020508e+00
9.000000000000000000e+01
7.796036720275878906e+00
4.153882503509521484e+00
1.452661037445068359e+00
3.440255880355834961e+00
9.019839477539062500e+01
1.888029694557189941e+00
1.793187260627746582e+00
3.650875329971313477e+00
2.603086948394775391e+00
2.603989124298095703e+00
3.947482681274414062e+01
3.206256389617919922e+00
8.202145576477050781e+00
6.209651470184326172e+00
1.530730152130126953e+01
7.531972408294677734e+00
2.070181369781494141e+00
5.023596763610839844e+00
1.693735122680664062e+00
7.645753860473632812e+00
8.270888924598693848e-01
2.734233379364013672e+00
2.149948596954345703e+00
3.406283140182495117e+00
9.004907989501953125e+01
1.245840907096862793e+00
1.750167388916015625e+02
1.394935011863708496e+00
3.764524221420288086e+00
3.233132362365722656e+00
9.002747344970703125e+01
2.394246101379394531e+00
1.285117983818054199e+00
3.500845193862915039e+00
3.471254730224609375e+01
1.993705153465270996e+00
2.873581123352050781e+01
1.874714970588684082e+00
2.770645380020141602e+00
2.186775207519531250e+00
8.408916473388671875e+00
9.088037872314453125e+01
2.823413372039794922e+00
1.926610469818115234e+00
3.825614929199218750e+00
5.700214385986328125e+00
1.747624664306640625e+02
2.757615089416503906e+00
4.695359706878662109e+00
9.332646369934082031e+00
3.670345306396484375e+00
9.050463104248046875e+01
2.626442670822143555e+00
2.155948638916015625e+00
1.251357746124267578e+01
5.628940105438232422e+00
1.072453117370605469e+01
3.202468395233154297e+00
9.639820098876953125e+00
4.922189235687255859e+00
2.962929964065551758e+00
1.999977827072143555e+00
9.005880737304687500e+01
7.169216156005859375e+00
5.941978931427001953e+00
1.829917669296264648e+00
6.230683326721191406e-01
2.355676889419555664e+00
9.032199859619140625e+01
1.115625095367431641e+01
1.853718876838684082e+00
2.628081798553466797e+00
8.193859100341796875e+00
2.784400558471679688e+01
7.392447948455810547e+00
1.633506393432617188e+01
3.581788063049316406e+00
3.163597583770751953e+00
4.326354503631591797e+00
2.536979198455810547e+00
5.962923526763916016e+00
9.065970611572265625e+01
1.785542297363281250e+02
1.476710200309753418e+00
5.915793895721435547e+00
4.689347743988037109e+00
4.499105453491210938e+00
2.342011213302612305e+00
2.281561613082885742e+00
1.614951848983764648e+00
1.032075691223144531e+01
4.462386131286621094e+00
5.079293251037597656e+00
7.534682273864746094e+00
2.526619434356689453e+00
4.087057590484619141e+00
1.605228304862976074e+00
2.728213310241699219e+00
2.797923326492309570e+00
2.724623441696166992e+00
5.940131187438964844e+00
2.391464948654174805e+00
2.396370649337768555e+00
8.559329986572265625e+00
3.164834976196289062e+00
2.350353479385375977e+00
9.007495880126953125e+01
2.499984979629516602e+00
2.137715578079223633e+00
4.764276504516601562e+00
2.507802248001098633e+00
3.446737527847290039e+00
1.699502468109130859e+00
2.884458780288696289e+00
4.748956203460693359e+00
1.476179957389831543e+00
8.269992828369140625e+00
9.015641784667968750e+01
6.276729583740234375e+00
3.037186622619628906e+00
9.000843048095703125e+01
2.292174100875854492e+00
1.331003379821777344e+01
3.898525953292846680e+00
2.728213310241699219e+00
2.171866893768310547e+00
2.968738079071044922e+00
1.703950805664062500e+02
1.768501892089843750e+02
8.554655909538269043e-01
2.234758377075195312e+00
2.248205184936523438e+00
6.468478202819824219e+00
6.220503330230712891e+00
3.438775777816772461e+00
4.529564380645751953e+00
2.464342355728149414e+00
1.146769142150878906e+01
4.612101078033447266e+00
1.666478753089904785e+00
3.198920965194702148e+00
1.800000000000000000e+02
9.194099903106689453e-01
1.938358187675476074e+00
1.793247833251953125e+02
2.450004339218139648e+00
4.028079032897949219e+00
1.968415021896362305e+00
1.516461014747619629e+00
2.313591718673706055e+00
9.007735443115234375e+01
7.179334163665771484e+00
8.465012550354003906e+00
4.127449035644531250e+01
5.098005771636962891e+00
9.005358123779296875e+01
1.864876270294189453e+00
9.065522766113281250e+01
7.259284973144531250e+00
1.125599441528320312e+02
9.053829193115234375e+01
2.553436279296875000e+00
2.857320785522460938e+00
2.496224164962768555e+00
3.276679277420043945e+00
5.383795261383056641e+00
2.524139404296875000e+00
9.455421447753906250e+00
1.514940929412841797e+01
8.282282829284667969e+00
2.458298683166503906e+00
1.039293408393859863e+00
9.021052551269531250e+01
1.802114248275756836e+00
9.047815704345703125e+01
1.507660388946533203e+00
2.059755802154541016e+00
1.672808170318603516e+00
1.574455380439758301e+00
6.603132724761962891e+00
2.214346647262573242e+00
1.015865325927734375e+01
4.412596702575683594e+00
1.844829440116882324e+00
2.956580400466918945e+00
2.688316583633422852e+00
2.505615711212158203e+00
2.102637529373168945e+00
4.248053073883056641e+00
2.853619098663330078e+00
1.174365401268005371e+00
8.381980895996093750e+01
8.775119781494140625e+00
2.054427862167358398e+00
3.120732545852661133e+00
5.801345705986022949e-01
2.243150234222412109e+00
4.872907638549804688e+00
3.124870061874389648e+00
1.734155058860778809e+00
2.875486612319946289e+00
7.236600875854492188e+00
5.715528964996337891e+00
2.537287712097167969e+00
2.042964220046997070e+00
2.970452070236206055e+00
3.467465639114379883e+00
5.719823241233825684e-01
6.884529113769531250e+00
2.381459236145019531e+00
2.119879722595214844e+00
5.437830448150634766e+00
7.575513839721679688e+00
1.690496802330017090e+00
2.913897752761840820e+00
1.229827880859375000e+01
9.046012878417968750e+01
2.779814720153808594e+00
1.757640533447265625e+02
2.183729648590087891e+00
3.750558614730834961e+00
7.818009853363037109e+00
1.482696819305419922e+01
5.231543540954589844e+00
9.013806152343750000e+01
2.131297111511230469e+00
1.348136186599731445e+00
2.831029891967773438e+00
5.377312660217285156e+00
2.760736703872680664e+00
1.788967742919921875e+02
9.002546691894531250e+01
3.466901063919067383e+00
3.635934591293334961e+00
3.026080131530761719e+00
1.784974212646484375e+02
9.029876708984375000e+01
2.286702871322631836e+00
1.226528525352478027e+00
6.329609870910644531e+00
9.011152648925781250e+01
3.046839714050292969e+00
2.561396121978759766e+00
4.776760101318359375e+00
9.001306152343750000e+01
1.712783355712890625e+02
1.847797393798828125e+00
1.868650317192077637e+00
3.100088596343994141e+00
1.095896148681640625e+01
1.012590765953063965e+00
3.086291551589965820e+00
6.351873874664306641e+00
5.451939105987548828e+00
4.120937824249267578e+00
5.029210090637207031e+00
3.058511018753051758e+00
2.123384952545166016e+00
8.715327262878417969e+00
1.194321289062500000e+02
2.862249374389648438e+00
6.321798801422119141e+00
2.392283439636230469e+00
6.437483787536621094e+00
2.195885181427001953e+00
2.223871946334838867e+00
9.039178466796875000e+01
1.537733435630798340e+00
1.509922599792480469e+01
4.577056884765625000e+00
7.481416225433349609e+00
1.257410407066345215e+00
9.275190353393554688e+00
2.483961820602416992e+00
4.995594978332519531e+00
9.009720611572265625e+01
2.981108903884887695e+00
1.770525817871093750e+02
6.418632030487060547e+00
8.674573898315429688e+00
4.028273105621337891e+00
2.813133955001831055e+00
1.303370666503906250e+01
1.186961650848388672e+00
3.587468862533569336e+00
8.013957977294921875e+00
8.991813063621520996e-01
7.788126945495605469e+00
8.562220573425292969e+00
6.718547821044921875e+00
3.138747215270996094e+00
1.748300170898437500e+02
1.779382824897766113e+00
2.890289068222045898e+00
8.896380424499511719e+00
9.198639869689941406e+00
1.615678668022155762e+00
2.453845405578613281e+01
2.285675525665283203e+00
1.823489546775817871e+00
2.583462238311767578e+00
2.238608360290527344e+00
3.277635097503662109e+00
6.794714450836181641e+00
1.228441596031188965e+00
2.425596475601196289e+00
3.680680036544799805e+00
2.366784572601318359e+00
6.323039054870605469e+00
6.682605743408203125e+00
2.375204801559448242e+00
2.124675035476684570e+00
2.610895395278930664e+00
1.581648111343383789e+00
1.759980163574218750e+02
2.210454225540161133e+00
1.970402479171752930e+00
7.895905494689941406e+00
6.576529026031494141e+00
1.730992436408996582e+00
2.368272781372070312e+00
1.118899822235107422e+01
2.751930475234985352e+00
2.956182956695556641e+00
2.763854742050170898e+00
1.115573287010192871e+00
1.576939344406127930e+00
4.952584266662597656e+00
3.234585046768188477e+00
2.225279569625854492e+00
1.351275348663330078e+01
2.381623268127441406e+00
5.487623214721679688e+00
2.017903327941894531e+00
2.622266054153442383e+00
4.579281806945800781e+00
2.902859449386596680e+00
2.012853384017944336e+00
4.569089889526367188e+00
9.029397583007812500e+01
9.148889923095703125e+01
1.216652774810791016e+01
2.663445472717285156e+00
1.775198578834533691e+00
9.113847351074218750e+01
2.850324392318725586e+00
5.016493797302246094e+00
1.136430454254150391e+01
4.630919933319091797e+00
9.101253509521484375e+01
1.741692504882812500e+02
2.611944913864135742e+00
1.776520967483520508e+00
1.696124572753906250e+02
1.154196619987487793e+00
2.422851085662841797e+00
2.219819545745849609e+00
2.745521545410156250e+00
2.938116073608398438e+00
4.225123882293701172e+00
3.377190113067626953e+00
7.856328487396240234e+00
2.088441371917724609e+00
9.549061059951782227e-01
3.971086502075195312e+00
5.290687561035156250e+00
7.290084838867187500e+00
4.107228279113769531e+00
2.622713804244995117e+00
2.853344678878784180e+00
3.481103181838989258e+00
5.761364936828613281e+00
2.845925807952880859e+00
3.916266918182373047e+00
5.701314449310302734e+00
1.402416133880615234e+01
9.029890441894531250e+01
6.235676288604736328e+00
1.741237030029296875e+02
4.338740825653076172e+00
1.186940670013427734e-01
2.664621114730834961e+00
5.759595870971679688e+00
9.005183410644531250e+01
3.084895849227905273e+00
9.546290397644042969e+00
8.140829086303710938e+00
8.290150642395019531e+00
1.704991531372070312e+01
9.044853210449218750e+01
2.889882802963256836e+00
9.042264556884765625e+01
1.317478466033935547e+01
1.300857901573181152e+00
9.018770599365234375e+01
2.226510524749755859e+00
1.145346641540527344e+00
3.442872762680053711e+00
4.969643592834472656e+00
2.806117630004882812e+01
3.543316364288330078e+00
1.429850339889526367e+00
2.368768215179443359e+00
1.469803094863891602e+00
3.630330085754394531e+00
2.735092401504516602e+00
5.570421695709228516e+00
6.073088645935058594e+00
6.651661396026611328e+00
1.091294956207275391e+01
1.897748470306396484e+00
9.101984405517578125e+01
3.408122062683105469e+00
2.571007013320922852e+00
1.805369019508361816e+00
3.203568696975708008e+00
3.605108737945556641e+00
2.442002296447753906e+00
1.187620878219604492e+00
7.648731231689453125e+00
8.364987969398498535e-01
2.694716691970825195e+00
4.143118381500244141e+00
3.623852014541625977e+00
6.128934860229492188e+00
4.113898277282714844e+00
7.690083503723144531e+00
3.159882545471191406e+00
4.945458412170410156e+00
9.013300323486328125e+01
3.645830392837524414e+00
7.844026565551757812e+00
2.255535274744033813e-01
1.554189443588256836e+00
4.815807342529296875e+00
1.610656585693359375e+02
6.806423664093017578e+00
7.526447772979736328e+00
8.998878479003906250e+00
6.105219364166259766e+00
8.404011726379394531e+00
1.783241729736328125e+02
1.657530069351196289e+00
8.567678451538085938e+00
3.482452869415283203e+00
3.677273511886596680e+00
5.724232196807861328e+00
3.216863155364990234e+00
4.190869331359863281e+00
1.893825769424438477e+00
5.535978317260742188e+00
1.042636413574218750e+02
1.954045414924621582e+00
3.645078182220458984e+00
2.573725509643554688e+01
3.292177438735961914e+00
7.929246902465820312e+00
3.585940361022949219e+00
1.881384134292602539e+00
1.398297786712646484e+00
2.776009559631347656e+00
1.217239856719970703e+00
2.425918817520141602e+00
5.941583156585693359e+00
4.809456825256347656e+00
8.001357078552246094e+00
3.737378835678100586e+00
1.360109806060791016e+01
2.261226177215576172e+00
1.797338562011718750e+02
4.281118869781494141e+00
3.441962718963623047e+00
1.779539794921875000e+02
1.419757843017578125e+01
9.020613861083984375e+01
4.307389736175537109e+00
6.052260994911193848e-01
1.619308352470397949e+00
7.722021579742431641e+00
1.388184905052185059e+00
5.297128200531005859e+00
6.651012420654296875e+00
9.001225280761718750e+01
5.174301624298095703e+00
9.930780529975891113e-01
2.867988586425781250e+00
9.160543823242187500e+01
1.779171905517578125e+02
3.169038295745849609e+00
2.877113723754882812e+01
8.333052635192871094e+00
4.021559238433837891e+00
3.493006706237792969e+00
9.741302490234375000e+00
1.800000000000000000e+02
1.841644048690795898e+00
1.885332703590393066e+00
4.760245323181152344e+00
2.907441139221191406e+00
5.042748451232910156e+00
3.247632503509521484e+00
2.333471536636352539e+00
1.234721279144287109e+01
5.549484252929687500e+00
4.321280956268310547e+00
3.305708408355712891e+00
1.775328826904296875e+02
2.990812063217163086e+00
2.913225650787353516e+00
2.351685285568237305e+00
7.976637363433837891e+00
2.263129234313964844e+00
1.690338287353515625e+02
2.097044944763183594e+00
9.016838836669921875e+01
1.352773308753967285e+00
1.546830558776855469e+01
8.116724967956542969e+00
6.044940471649169922e+00
1.376577019691467285e+00
2.469737529754638672e+00
8.692263603210449219e+00
1.691191196441650391e+00
9.095890808105468750e+01
4.205238342285156250e+00
2.580733537673950195e+00
1.505182456970214844e+01
1.726732482910156250e+02
2.867032527923583984e+00
1.646869778633117676e+00
2.349520683288574219e+00
1.932695746421813965e+00
8.387310981750488281e+00
5.443809509277343750e+00
2.405012845993041992e+00
7.163138866424560547e+00
9.234652709960937500e+01
3.122237920761108398e+00
6.590469360351562500e+00
9.320508003234863281e+00
1.050059890747070312e+01
2.838073730468750000e+00
2.007791042327880859e+00
6.196630477905273438e+00
8.961948394775390625e+00
6.924641132354736328e+00
9.000179290771484375e+01
9.352350616455078125e+01
5.177102565765380859e+00
7.883166313171386719e+00
3.660729885101318359e+00
5.406894683837890625e+00
9.031297302246093750e+01
9.057822418212890625e+01
3.686739683151245117e+00
5.083843231201171875e+00
7.037929534912109375e+00
2.328601598739624023e+00
3.491436958312988281e+00
9.000220489501953125e+01
8.148543357849121094e+00
7.857728004455566406e+00
1.277788043022155762e+00
2.690354585647583008e+00
8.791982650756835938e+00
2.033746719360351562e+00
9.332015037536621094e+00
3.129127502441406250e+00
1.139082622528076172e+01
2.157763242721557617e+00
9.029638671875000000e+01
2.993952035903930664e+00
4.173449039459228516e+00
4.231978416442871094e+00
5.838752746582031250e+00
5.578859329223632812e+00
1.710521221160888672e+00
1.029961490631103516e+01
6.402850151062011719e+00
1.671739807128906250e+02
3.159386873245239258e+00
9.030723571777343750e+01
3.626336574554443359e+00
6.884643077850341797e+00
2.829646348953247070e+00
6.547062397003173828e+00
5.821000576019287109e+00
3.417530298233032227e+00
2.851148605346679688e+00
2.373885869979858398e+00
5.272211074829101562e+00
4.340907096862792969e+00
1.258057785034179688e+01
7.532945275306701660e-01
2.028929710388183594e+00
2.771351814270019531e+00
4.237805843353271484e+00
2.223871946334838867e+00
1.848644495010375977e+00
1.672106146812438965e+00
3.222092866897583008e+00
9.254529953002929688e+00
1.739460601806640625e+02
3.206378459930419922e+00
3.929843664169311523e+00
1.750623474121093750e+02
6.048182487487792969e+00
1.102161526679992676e+00
2.514038324356079102e+00
3.984280347824096680e+00
9.014434051513671875e+01
3.603805065155029297e+00
7.348863482475280762e-01
6.052524566650390625e+00
1.053016567230224609e+01
1.225251555442810059e+00
3.485599994659423828e+00
1.572714447975158691e+00
9.173672485351562500e+01
1.068732166290283203e+01
1.418256092071533203e+01
6.275729656219482422e+00
4.645532608032226562e+00
2.986751079559326172e+00
2.909595012664794922e+00
2.873716115951538086e+00
9.002132415771484375e+01
6.047923564910888672e+00
1.706856131553649902e+00
2.582401514053344727e+00
9.109748077392578125e+01
3.521811008453369141e+00
1.476179957389831543e+00
2.339000940322875977e+00
3.921863079071044922e+00
5.714637279510498047e+00
2.726203441619873047e+00
4.334043025970458984e+00
9.145276641845703125e+01
1.697948608398437500e+02
1.528799295425415039e+00
2.916583538055419922e+00
5.186329364776611328e+00
3.187271833419799805e+00
2.959359884262084961e+00
2.833517789840698242e+00
8.101133346557617188e+00
1.502980351448059082e+00
1.421945095062255859e+01
3.484476327896118164e+00
4.056565284729003906e+00
2.824383974075317383e+00
2.470054388046264648e+00
1.530702819824218750e+02
9.115549087524414062e+00
2.169342279434204102e+00
6.530027389526367188e+00
4.873068332672119141e+00
2.132582426071166992e+00
1.301543235778808594e+01
3.379508256912231445e+00
9.010274505615234375e+01
3.069547462463378906e+01
9.000032806396484375e+01
6.949128627777099609e+00
2.413533782958984375e+01
2.168620586395263672e+00
8.439175605773925781e+00
7.649603843688964844e+00
9.016687011718750000e+01
3.151717376708984375e+01
2.880112171173095703e+00
9.713165283203125000e+01
3.067458629608154297e+00
2.326078414916992188e+00
6.753486156463623047e+00
1.800000000000000000e+02
3.153308391571044922e+00
3.599455833435058594e+00
4.063125133514404297e+00
2.796803951263427734e+00
1.604740500450134277e+00
4.232348918914794922e+00
2.312915086746215820e+00
2.091812372207641602e+00
6.737661361694335938e-01
3.844711065292358398e+00
4.983815193176269531e+00
5.601156711578369141e+00
4.704112529754638672e+00
6.662031173706054688e+00
3.753168106079101562e+00
7.109588623046875000e+00
5.302156448364257812e+00
2.935583114624023438e+00
9.967702865600585938e+00
6.831791877746582031e+00
1.735283255577087402e+00
2.431882143020629883e+00
3.291701793670654297e+00
1.749207153320312500e+02
8.488780975341796875e+00
1.614467024803161621e+00
1.334128737449645996e+00
1.016225433349609375e+01
8.322774767875671387e-01
1.257721662521362305e+00
1.402768969535827637e+00
2.464977741241455078e+00
8.175706863403320312e-01
5.060976505279541016e+00
6.610850334167480469e+00
2.632992982864379883e+00
2.820777893066406250e+00
2.482700824737548828e+00
1.991151332855224609e+00
2.829923391342163086e+00
5.822144985198974609e+00
3.719101667404174805e+00
2.634479284286499023e+00
7.624985694885253906e+00
4.005627036094665527e-01
7.662061691284179688e+00
1.447573089599609375e+01
2.350519895553588867e+00
1.225874233245849609e+01
2.071504354476928711e+00
3.104631900787353516e+00
1.315219879150390625e+00
2.949022531509399414e+00
5.562112808227539062e+00
1.013981533050537109e+01
1.760069885253906250e+02
1.623226928710937500e+01
2.427693367004394531e+00
1.073743104934692383e+00
2.302397966384887695e+00
1.272878050804138184e+00
3.204179763793945312e+00
2.204069852828979492e+00
1.460721373558044434e+00
1.348328685760498047e+01
2.655201673507690430e+00
1.523413538932800293e+00
1.954846262931823730e+00
4.135359764099121094e+00
