4.742275619506835938e+01
1.968758773803710938e+01
2.357262802124023438e+01
1.645869255065917969e+01
2.364969253540039062e+01
1.118772811889648438e+02
7.458186340332031250e+01
1.773607063293457031e+01
3.698186111450195312e+01
2.133672523498535156e+01
2.108138465881347656e+01
2.863901710510253906e+01
1.659647941589355469e+01
9.578884887695312500e+01
5.204042816162109375e+01
1.397581195831298828e+01
9.889329910278320312e+00
2.974207496643066406e+01
1.668448066711425781e+01
1.464361667633056641e+01
2.901445579528808594e+01
1.299184799194335938e+01
2.608617973327636719e+01
1.215633697509765625e+02
1.685043144226074219e+01
1.032091217041015625e+02
2.499735832214355469e+01
1.201103210449218750e+01
2.201977729797363281e+01
2.813609313964843750e+01
2.138835334777832031e+01
1.068097686767578125e+02
9.534974670410156250e+01
1.941312980651855469e+01
1.638176155090332031e+01
2.508143615722656250e+01
2.113014984130859375e+01
1.007975692749023438e+02
1.961251258850097656e+01
1.998932838439941406e+01
2.758849906921386719e+01
2.859460830688476562e+01
1.255365943908691406e+01
2.978199386596679688e+01
8.744606018066406250e+01
2.174271583557128906e+01
2.008769798278808594e+01
1.124817562103271484e+01
2.090012168884277344e+01
7.019509124755859375e+01
1.446507167816162109e+01
1.835857772827148438e+01
1.446929359436035156e+01
9.122142028808593750e+01
2.270201110839843750e+01
4.497967910766601562e+01
2.976109886169433594e+01
7.335378265380859375e+01
5.142536926269531250e+01
4.545354843139648438e+01
3.935642242431640625e+01
2.546913909912109375e+01
1.016627120971679688e+02
6.364849853515625000e+01
3.226519012451171875e+01
2.441888046264648438e+01
1.594419479370117188e+01
6.865092468261718750e+01
1.571189689636230469e+01
3.552968215942382812e+01
1.567627334594726562e+01
4.104026794433593750e+01
2.353422164916992188e+01
1.127612457275390625e+02
2.007309913635253906e+01
9.566152191162109375e+01
2.236052513122558594e+01
6.706375122070312500e+01
2.632376480102539062e+01
2.944503593444824219e+01
7.038024902343750000e+01
1.837810897827148438e+01
9.257401275634765625e+01
1.333649635314941406e+01
1.590404796600341797e+01
1.713047027587890625e+01
1.724230957031250000e+01
1.106055068969726562e+02
2.515924263000488281e+01
1.125538940429687500e+02
2.104124450683593750e+01
5.059555816650390625e+01
4.527624130249023438e+01
7.438318634033203125e+01
1.510152912139892578e+01
1.753560447692871094e+01
3.374100112915039062e+01
1.036242980957031250e+02
1.323830604553222656e+01
7.516548919677734375e+01
1.182249832153320312e+01
1.519567489624023438e+01
1.912477302551269531e+01
8.374152374267578125e+01
8.490636444091796875e+01
3.748527908325195312e+01
1.664780044555664062e+01
1.838308143615722656e+01
3.621329116821289062e+01
1.001464691162109375e+02
2.662212371826171875e+01
4.928610992431640625e+01
2.120789146423339844e+01
1.398506355285644531e+01
7.975678253173828125e+01
2.626424026489257812e+01
1.503833389282226562e+01
1.115978469848632812e+02
4.070665359497070312e+01
5.177891540527343750e+01
1.748963928222656250e+01
4.120476150512695312e+01
3.308069610595703125e+01
7.767395019531250000e+01
1.548459625244140625e+01
7.523862457275390625e+01
9.422496032714843750e+01
6.018945312500000000e+01
1.440165901184082031e+01
1.820171546936035156e+01
2.688498687744140625e+01
1.340835266113281250e+02
5.241701889038085938e+01
3.909415054321289062e+01
1.488981533050537109e+01
7.066233825683593750e+01
9.242950439453125000e+01
8.634173583984375000e+01
4.178664398193359375e+01
1.716335678100585938e+01
2.403411483764648438e+01
5.559624862670898438e+01
1.268394279479980469e+01
5.035398864746093750e+01
1.259686965942382812e+02
1.047692775726318359e+01
1.747147369384765625e+01
6.133792495727539062e+01
4.628379821777343750e+01
6.789742279052734375e+01
1.209564685821533203e+01
1.972344207763671875e+01
1.856809043884277344e+01
5.282686233520507812e+01
2.584837722778320312e+01
3.392417907714843750e+01
2.144467353820800781e+01
2.217048645019531250e+01
3.115679359436035156e+01
1.346889019012451172e+01
1.538137149810791016e+01
2.632043075561523438e+01
2.082552146911621094e+01
6.517535400390625000e+01
2.325331115722656250e+01
1.176865482330322266e+01
9.416348266601562500e+01
4.171617507934570312e+01
4.984359741210937500e+01
7.873463439941406250e+01
1.745470046997070312e+01
1.348292636871337891e+01
4.621437835693359375e+01
4.413613128662109375e+01
2.173549652099609375e+01
2.587462997436523438e+01
2.145204544067382812e+01
1.640824699401855469e+01
1.567172145843505859e+01
8.999599456787109375e+01
1.317080688476562500e+02
4.386110687255859375e+01
1.582618904113769531e+01
5.890501785278320312e+01
3.562778472900390625e+01
8.460044860839843750e+01
2.551897239685058594e+01
2.142598915100097656e+01
1.888570022583007812e+01
2.155224990844726562e+01
9.465741729736328125e+01
8.175827789306640625e+01
1.472995567321777344e+01
3.129064941406250000e+01
1.053937816619873047e+01
2.814242172241210938e+01
3.685293579101562500e+01
1.702049064636230469e+01
2.448481178283691406e+01
2.088638877868652344e+01
1.212402496337890625e+02
3.564360046386718750e+01
1.894726753234863281e+01
1.432763290405273438e+01
1.181730117797851562e+02
2.536996841430664062e+01
1.228063678741455078e+01
4.892047500610351562e+01
2.961977958679199219e+01
1.502753353118896484e+01
1.399883747100830078e+01
3.107352447509765625e+01
1.216454219818115234e+01
8.360214996337890625e+01
3.515276336669921875e+01
7.155020904541015625e+01
9.717008209228515625e+01
2.435371589660644531e+01
9.461844635009765625e+01
3.358504867553710938e+01
8.086090087890625000e+01
5.586131668090820312e+01
9.711656951904296875e+01
9.639601135253906250e+01
3.251251220703125000e+01
1.343352317810058594e+01
2.780208587646484375e+01
1.594380283355712891e+01
3.250334930419921875e+01
2.097364425659179688e+01
3.602864837646484375e+01
3.715547943115234375e+01
8.668550872802734375e+01
3.016508674621582031e+01
2.197448921203613281e+01
1.068476867675781250e+02
1.682271766662597656e+01
8.892075347900390625e+01
2.270648956298828125e+01
1.565767478942871094e+01
7.163948059082031250e+01
1.378449630737304688e+01
5.190911865234375000e+01
1.026534080505371094e+01
6.551149749755859375e+01
2.557131767272949219e+01
1.506166553497314453e+01
1.519121837615966797e+01
4.124188613891601562e+01
2.377430343627929688e+01
1.487454032897949219e+01
1.165233230590820312e+01
5.098332214355468750e+01
2.626902770996093750e+01
1.202053604125976562e+02
6.789643859863281250e+01
2.018654251098632812e+01
1.523015308380126953e+01
1.585794067382812500e+01
2.205732727050781250e+01
1.503429985046386719e+01
2.206088447570800781e+01
2.629813766479492188e+01
1.304553985595703125e+01
4.564413452148437500e+01
2.913485145568847656e+01
1.758708381652832031e+01
2.171567535400390625e+01
2.262822532653808594e+01
1.590455913543701172e+01
2.089050292968750000e+01
4.590838623046875000e+01
3.121512031555175781e+01
2.693274307250976562e+01
3.676914215087890625e+01
4.698819351196289062e+01
1.959319114685058594e+01
1.355374050140380859e+01
6.028929901123046875e+01
4.994721603393554688e+01
1.573044681549072266e+01
8.849834442138671875e+01
2.469043922424316406e+01
1.603857994079589844e+01
2.149250602722167969e+01
7.514747619628906250e+01
3.977672576904296875e+01
6.715086364746093750e+01
2.893948936462402344e+01
1.474065113067626953e+01
1.514122772216796875e+01
3.232138824462890625e+01
2.571954536437988281e+01
8.989840698242187500e+01
1.287204437255859375e+02
1.955204010009765625e+01
2.374506378173828125e+01
1.879965972900390625e+01
6.905359649658203125e+01
9.184855651855468750e+01
2.124643135070800781e+01
1.512413692474365234e+01
7.638600921630859375e+01
6.324814987182617188e+01
1.732722091674804688e+01
2.058881759643554688e+01
2.611788368225097656e+01
8.210443878173828125e+01
1.216128234863281250e+02
1.395251178741455078e+01
2.462975883483886719e+01
3.404579162597656250e+01
9.968103790283203125e+01
1.574496173858642578e+01
4.994126892089843750e+01
9.061373138427734375e+01
3.862574768066406250e+01
2.027233695983886719e+01
3.569018554687500000e+01
1.944725799560546875e+01
1.411949062347412109e+01
3.188940811157226562e+01
1.048186569213867188e+02
3.460469436645507812e+01
7.938117218017578125e+01
1.489821815490722656e+01
4.365727996826171875e+01
2.471313667297363281e+01
1.252020931243896484e+01
8.215066528320312500e+01
1.325903701782226562e+01
5.583088684082031250e+01
3.559894180297851562e+01
4.115217208862304688e+01
2.376321029663085938e+01
7.772003173828125000e+01
3.488394927978515625e+01
6.007290649414062500e+01
1.109772720336914062e+02
1.624848175048828125e+01
1.055718841552734375e+02
5.885985946655273438e+01
1.071336212158203125e+02
1.540809535980224609e+01
2.141491127014160156e+01
1.251890182495117188e+02
1.204452991485595703e+01
5.597119140625000000e+01
2.197139167785644531e+01
2.621934700012207031e+01
7.294905090332031250e+01
4.871646881103515625e+01
4.730107879638671875e+01
1.291690158843994141e+01
7.833987426757812500e+01
2.324805259704589844e+01
1.078490352630615234e+01
8.301478576660156250e+01
3.977551269531250000e+01
1.921552467346191406e+01
1.130021743774414062e+02
1.772261428833007812e+01
1.644314956665039062e+01
3.326272583007812500e+01
1.594727802276611328e+01
1.419131565093994141e+01
3.501831054687500000e+01
1.596963214874267578e+01
2.129330825805664062e+01
1.575658702850341797e+01
1.750608634948730469e+01
9.630949401855468750e+01
3.796925354003906250e+01
1.120769977569580078e+01
1.179290008544921875e+01
2.025944519042968750e+01
1.894800949096679688e+01
8.685056304931640625e+01
1.299700736999511719e+01
2.145766258239746094e+01
3.600189208984375000e+01
2.127883338928222656e+01
1.553531169891357422e+01
1.855758857727050781e+01
8.737283325195312500e+01
2.443609237670898438e+01
1.785148429870605469e+01
2.231140518188476562e+01
1.543017005920410156e+01
1.303000354766845703e+01
5.525238800048828125e+01
1.396490287780761719e+01
3.545140075683593750e+01
7.503201293945312500e+01
4.395171737670898438e+01
2.473504447937011719e+01
1.896094131469726562e+01
1.211547660827636719e+01
2.524589920043945312e+01
3.414515686035156250e+01
3.862812042236328125e+01
5.489368057250976562e+01
1.011449737548828125e+02
8.964794158935546875e+01
7.970633697509765625e+01
1.523897933959960938e+01
1.496904373168945312e+01
1.018636779785156250e+02
1.947043991088867188e+01
2.237263298034667969e+01
2.396681594848632812e+01
3.926391601562500000e+01
1.254313430786132812e+02
9.375711059570312500e+01
1.979097938537597656e+01
9.694480895996093750e+00
1.113680953979492188e+02
1.942761993408203125e+01
1.512751960754394531e+01
1.488397312164306641e+01
1.326320743560791016e+01
3.654486846923828125e+01
1.605303382873535156e+01
2.214081573486328125e+01
6.484195709228515625e+01
1.462402153015136719e+01
2.539099884033203125e+01
1.248895072937011719e+01
2.170184707641601562e+01
5.195896911621093750e+01
6.291902160644531250e+01
1.040892219543457031e+01
1.323009014129638672e+01
4.724446105957031250e+01
7.186532592773437500e+01
1.650977706909179688e+01
1.466386222839355469e+01
2.860748672485351562e+01
8.961878204345703125e+01
7.268865203857421875e+01
1.013282318115234375e+02
9.519138336181640625e+01
2.442933082580566406e+01
2.211943626403808594e+01
1.435920619964599609e+01
3.004423141479492188e+01
1.144185256958007812e+02
2.324947738647460938e+01
6.217849731445312500e+01
5.557372283935546875e+01
4.622897338867187500e+01
7.356128692626953125e+01
5.357984924316406250e+01
1.329988384246826172e+01
7.905549621582031250e+01
1.236985702514648438e+02
1.218112850189208984e+01
1.042179183959960938e+02
1.699398612976074219e+01
1.319584655761718750e+01
1.565147113800048828e+01
4.154352951049804688e+01
8.710704803466796875e+01
1.867468643188476562e+01
1.462517261505126953e+01
2.276083374023437500e+01
1.151991176605224609e+01
2.225514602661132812e+01
2.561978340148925781e+01
3.708342361450195312e+01
2.326278114318847656e+01
3.809995651245117188e+01
5.886249160766601562e+01
1.182896709442138672e+01
1.157126312255859375e+02
4.941087341308593750e+01
1.777113914489746094e+01
3.338011932373046875e+01
1.796466255187988281e+01
4.259976959228515625e+01
1.759648132324218750e+01
3.718381118774414062e+01
4.933163833618164062e+01
1.923772048950195312e+01
2.780562210083007812e+01
3.128857421875000000e+01
4.211283493041992188e+01
7.382235717773437500e+01
7.818888854980468750e+01
6.957443237304687500e+01
1.999741554260253906e+01
4.939536666870117188e+01
8.466822052001953125e+01
2.678293418884277344e+01
1.872263908386230469e+01
1.304207324981689453e+01
1.386998081207275391e+01
6.740673828125000000e+01
1.207804489135742188e+02
2.795273017883300781e+01
5.310139083862304688e+01
6.982969665527343750e+01
6.854659271240234375e+01
5.034362411499023438e+01
9.372118377685546875e+01
1.604761886596679688e+01
2.761419296264648438e+01
1.777305030822753906e+01
1.653046226501464844e+01
7.154674530029296875e+01
1.892573165893554688e+01
3.658215713500976562e+01
1.901248168945312500e+01
5.381963729858398438e+01
1.004677886962890625e+02
1.265879440307617188e+01
2.661778640747070312e+01
9.807102203369140625e+01
4.793661880493164062e+01
8.636383819580078125e+01
1.317513370513916016e+01
1.744828796386718750e+01
5.431743621826171875e+01
1.054784965515136719e+01
1.643519210815429688e+01
1.772385597229003906e+01
4.168028259277343750e+01
3.870787429809570312e+01
6.512643432617187500e+01
2.561142730712890625e+01
4.928938293457031250e+01
1.795215225219726562e+01
6.245184707641601562e+01
3.910364151000976562e+01
3.086164855957031250e+01
1.155634613037109375e+02
1.273366470336914062e+02
8.745827484130859375e+01
5.574226760864257812e+01
2.051440429687500000e+01
2.015810012817382812e+01
9.691339874267578125e+01
2.377538871765136719e+01
3.520787429809570312e+01
6.873365020751953125e+01
8.268488311767578125e+01
4.281922531127929688e+01
2.249696731567382812e+01
1.320897769927978516e+01
1.126853942871093750e+02
1.065287475585937500e+02
1.915993118286132812e+01
1.081447219848632812e+02
4.732875823974609375e+01
2.285671234130859375e+01
2.168313980102539062e+01
9.257149505615234375e+01
8.236329650878906250e+01
1.670043754577636719e+01
2.422911643981933594e+01
5.209937286376953125e+01
1.529939365386962891e+01
1.772010231018066406e+01
1.965062141418457031e+01
1.963462066650390625e+01
9.163179016113281250e+01
2.325999069213867188e+01
2.619715309143066406e+01
1.795114707946777344e+01
8.475941467285156250e+01
2.809984397888183594e+01
3.167160797119140625e+01
1.844342613220214844e+01
5.149673843383789062e+01
1.712203025817871094e+01
7.754703521728515625e+01
1.650243949890136719e+01
6.402488708496093750e+01
1.456992435455322266e+01
7.423411560058593750e+01
1.171992950439453125e+02
2.754104995727539062e+01
1.373219299316406250e+01
1.710037040710449219e+01
1.316256713867187500e+02
3.457269287109375000e+01
6.484292602539062500e+01
1.848117256164550781e+01
2.003840255737304688e+01
5.414485931396484375e+01
1.293600463867187500e+02
2.527934074401855469e+01
1.489147758483886719e+01
1.694315338134765625e+01
2.537358283996582031e+01
1.989092063903808594e+01
5.893042373657226562e+01
1.959343338012695312e+01
7.068862152099609375e+01
7.289358520507812500e+01
1.774057197570800781e+01
6.685868835449218750e+01
6.862202453613281250e+01
2.844338035583496094e+01
1.470429039001464844e+01
2.621147727966308594e+01
2.482550239562988281e+01
6.421106719970703125e+01
1.045427627563476562e+02
7.575783538818359375e+01
1.149860687255859375e+02
6.391584777832031250e+01
9.299978637695312500e+01
2.818557357788085938e+01
4.442441940307617188e+01
7.577134704589843750e+01
9.962265777587890625e+01
4.138051605224609375e+01
5.134034347534179688e+01
7.828140258789062500e+01
1.829918289184570312e+01
1.445873832702636719e+01
8.479946136474609375e+01
6.012898635864257812e+01
5.118965911865234375e+01
1.193263912200927734e+01
2.678131484985351562e+01
3.384724807739257812e+01
1.324975872039794922e+01
5.835064697265625000e+01
2.072168731689453125e+01
6.610354614257812500e+01
2.108185958862304688e+01
9.630678558349609375e+01
1.886820793151855469e+01
6.915083312988281250e+01
8.395971679687500000e+01
8.241026306152343750e+01
4.645600891113281250e+01
1.665459632873535156e+01
3.991479110717773438e+01
4.739993667602539062e+01
1.151836471557617188e+02
2.011515617370605469e+01
9.129598236083984375e+01
1.618266487121582031e+01
8.439581298828125000e+01
3.005382347106933594e+01
4.806713485717773438e+01
8.055749511718750000e+01
9.379338264465332031e+00
1.173556232452392578e+01
2.565501403808593750e+01
4.783917999267578125e+01
4.458269500732421875e+01
6.945143890380859375e+01
1.484636211395263672e+01
1.275225067138671875e+01
1.190204334259033203e+01
3.461921691894531250e+01
3.117244529724121094e+01
1.952977371215820312e+01
4.438914108276367188e+01
1.937991333007812500e+01
1.024670867919921875e+02
9.089421081542968750e+01
6.469715118408203125e+01
3.334859466552734375e+01
1.028952865600585938e+02
6.083164978027343750e+01
2.545581626892089844e+01
1.458632755279541016e+01
1.959270668029785156e+01
8.073534393310546875e+01
2.197013664245605469e+01
8.588147735595703125e+01
9.717350006103515625e+01
3.932759094238281250e+01
2.734168624877929688e+01
1.515039062500000000e+01
2.051925277709960938e+01
7.692647552490234375e+01
3.124120521545410156e+01
1.160284957885742188e+02
3.767194366455078125e+01
6.343398666381835938e+01
1.518212509155273438e+01
1.832699012756347656e+01
3.123788070678710938e+01
8.758374786376953125e+01
3.593130874633789062e+01
1.721736145019531250e+01
1.734793281555175781e+01
7.536671447753906250e+01
1.901156425476074219e+01
1.288063335418701172e+01
3.867414855957031250e+01
5.418232345581054688e+01
1.208386077880859375e+02
2.708424377441406250e+01
3.105553054809570312e+01
6.534127807617187500e+01
9.425825500488281250e+01
1.872658157348632812e+01
3.845911026000976562e+01
4.427531051635742188e+01
2.260449028015136719e+01
1.496070861816406250e+01
2.401310157775878906e+01
1.124144210815429688e+02
1.236625099182128906e+01
1.265705947875976562e+02
1.631806755065917969e+01
2.911075782775878906e+01
1.290828514099121094e+01
1.411869812011718750e+01
1.157108230590820312e+02
5.165264892578125000e+01
3.257112884521484375e+01
4.177346038818359375e+01
3.533950042724609375e+01
9.731350898742675781e+00
1.027748794555664062e+02
3.085450553894042969e+01
5.397191619873046875e+01
9.325892639160156250e+01
1.219637374877929688e+02
4.075656890869140625e+01
8.833980560302734375e+01
1.386684036254882812e+01
3.706160354614257812e+01
3.504141235351562500e+01
9.856958770751953125e+01
8.531745910644531250e+01
2.625763130187988281e+01
1.117484970092773438e+02
1.278233051300048828e+01
1.565116882324218750e+01
6.528720092773437500e+01
1.145123214721679688e+02
3.052464866638183594e+01
2.229509353637695312e+01
1.420915679931640625e+02
2.667770576477050781e+01
1.495314788818359375e+01
3.956214904785156250e+01
1.273551368713378906e+01
1.446643447875976562e+01
2.552619552612304688e+01
2.809737968444824219e+01
6.133999252319335938e+01
7.054508209228515625e+01
4.519614410400390625e+01
1.014082565307617188e+02
1.340676498413085938e+01
6.195217895507812500e+01
8.148480987548828125e+01
3.272803497314453125e+01
4.551612854003906250e+01
3.102695465087890625e+01
1.755806922912597656e+01
2.731472396850585938e+01
1.475372505187988281e+01
8.281070709228515625e+01
6.107442474365234375e+01
2.640718078613281250e+01
1.229221057891845703e+01
2.364623451232910156e+01
1.667797088623046875e+01
9.683035850524902344e+00
7.013167572021484375e+01
1.625220489501953125e+01
1.849135208129882812e+01
4.084764862060546875e+01
7.953121948242187500e+01
2.576109123229980469e+01
1.296880245208740234e+01
1.572276496887207031e+01
2.315988159179687500e+01
1.843630981445312500e+01
3.702864456176757812e+01
2.401219558715820312e+01
2.077609634399414062e+01
9.195213317871093750e+01
1.302788257598876953e+01
5.236995315551757812e+01
5.917762374877929688e+01
1.431665229797363281e+01
1.004061813354492188e+02
2.138274383544921875e+01
1.929128837585449219e+01
1.152377033233642578e+01
1.206314468383789062e+01
6.962365722656250000e+01
8.939070129394531250e+01
9.656675720214843750e+01
5.457450485229492188e+01
1.268565082550048828e+01
1.867591857910156250e+01
1.660765838623046875e+01
3.431139755249023438e+01
1.980363082885742188e+01
1.420439147949218750e+01
1.669637489318847656e+01
7.899855041503906250e+01
2.319628334045410156e+01
2.926666831970214844e+01
3.152867698669433594e+01
6.898266601562500000e+01
