1.152669414877891541e-01
1.175907105207443237e-01
1.028648987412452698e-01
1.114689558744430542e-01
9.644317626953125000e-02
8.434657007455825806e-02
1.060001328587532043e-01
1.182152405381202698e-01
1.334780007600784302e-01
1.036255359649658203e-01
1.067072004079818726e-01
9.540507942438125610e-02
1.574141532182693481e-01
1.472499370574951172e-01
1.206958219408988953e-01
1.123325079679489136e-01
1.100431606173515320e-01
1.106819808483123779e-01
1.041156351566314697e-01
9.793434292078018188e-02
1.030372530221939087e-01
1.258030235767364502e-01
9.894858300685882568e-02
9.094858169555664062e-02
9.511120617389678955e-02
8.763665705919265747e-02
9.720432758331298828e-02
1.048540025949478149e-01
1.139187738299369812e-01
1.092039793729782104e-01
1.079003140330314636e-01
9.357959032058715820e-02
1.150215268135070801e-01
1.054846420884132385e-01
1.070556491613388062e-01
1.001966744661331177e-01
1.031661704182624817e-01
1.274958252906799316e-01
8.384225517511367798e-02
8.503127098083496094e-02
9.171918779611587524e-02
1.195086538791656494e-01
9.446760267019271851e-02
1.145299747586250305e-01
1.169982030987739563e-01
1.239250674843788147e-01
9.693278372287750244e-02
1.131938099861145020e-01
9.669355303049087524e-02
1.108101010322570801e-01
9.671901166439056396e-02
9.839904308319091797e-02
9.413927793502807617e-02
1.252139359712600708e-01
1.159345805644989014e-01
7.856985181570053101e-02
1.195822730660438538e-01
9.246996790170669556e-02
1.191953346133232117e-01
1.058827340602874756e-01
1.035304144024848938e-01
1.060170978307723999e-01
6.768088042736053467e-02
8.644542843103408813e-02
1.084852889180183411e-01
8.687630295753479004e-02
8.888687193393707275e-02
8.897685259580612183e-02
9.601961076259613037e-02
1.321229040622711182e-01
1.072404161095619202e-01
1.110706180334091187e-01
1.063832268118858337e-01
9.996577352285385132e-02
1.120539531111717224e-01
9.295769780874252319e-02
9.247046709060668945e-02
8.740737289190292358e-02
1.116843223571777344e-01
9.910590946674346924e-02
1.011968404054641724e-01
1.005391776561737061e-01
9.693776816129684448e-02
9.417124092578887939e-02
8.232515305280685425e-02
8.578719198703765869e-02
1.073939204216003418e-01
6.739463657140731812e-02
9.178446978330612183e-02
1.019288823008537292e-01
1.012370735406875610e-01
1.097116768360137939e-01
9.320456534624099731e-02
1.362435966730117798e-01
8.731991052627563477e-02
1.070764362812042236e-01
9.988725185394287109e-02
1.163395494222640991e-01
1.183791607618331909e-01
9.151727706193923950e-02
1.462967544794082642e-01
1.068824678659439087e-01
1.113912910223007202e-01
7.073179632425308228e-02
9.465463459491729736e-02
8.360643684864044189e-02
1.017559021711349487e-01
1.143837869167327881e-01
8.609695732593536377e-02
7.833245396614074707e-02
6.963505595922470093e-02
1.143214181065559387e-01
9.163003414869308472e-02
1.060706526041030884e-01
1.131270453333854675e-01
1.013839393854141235e-01
1.097932606935501099e-01
1.077001169323921204e-01
8.560985326766967773e-02
9.731002897024154663e-02
9.952170401811599731e-02
1.128818839788436890e-01
9.365808218717575073e-02
1.185897663235664368e-01
1.013241037726402283e-01
7.392944395542144775e-02
9.710142761468887329e-02
1.068157479166984558e-01
1.061619371175765991e-01
1.059905216097831726e-01
9.301726520061492920e-02
1.238991394639015198e-01
8.798310160636901855e-02
1.023016571998596191e-01
1.252010315656661987e-01
8.439341932535171509e-02
9.017276763916015625e-02
5.568251758813858032e-02
1.195689141750335693e-01
9.784924238920211792e-02
9.817244857549667358e-02
8.747244626283645630e-02
1.111465319991111755e-01
8.986550569534301758e-02
1.380440443754196167e-01
9.997197985649108887e-02
9.168232232332229614e-02
1.168759763240814209e-01
9.938432276248931885e-02
6.864139437675476074e-02
7.402067631483078003e-02
9.833581000566482544e-02
9.352375566959381104e-02
8.532280474901199341e-02
8.488896489143371582e-02
1.261598467826843262e-01
8.607667684555053711e-02
1.112513393163681030e-01
7.651551067829132080e-02
1.055024787783622742e-01
9.928194433450698853e-02
1.213111802935600281e-01
1.064457222819328308e-01
1.052068695425987244e-01
1.056233122944831848e-01
1.080054640769958496e-01
8.143704384565353394e-02
9.389971941709518433e-02
7.711417227983474731e-02
8.861491084098815918e-02
9.512279927730560303e-02
1.227352544665336609e-01
1.117326393723487854e-01
1.075821518898010254e-01
1.024736166000366211e-01
8.989493548870086670e-02
1.099573001265525818e-01
9.104517847299575806e-02
1.031765341758728027e-01
1.002454683184623718e-01
1.188895255327224731e-01
1.107018664479255676e-01
1.143687739968299866e-01
9.362810105085372925e-02
1.124392077326774597e-01
1.027538329362869263e-01
1.103951781988143921e-01
1.136920899152755737e-01
9.662277251482009888e-02
1.087625324726104736e-01
1.184239685535430908e-01
7.878138124942779541e-02
1.344413161277770996e-01
1.003242656588554382e-01
1.010734140872955322e-01
1.071921363472938538e-01
1.342556178569793701e-01
1.050981432199478149e-01
8.899005502462387085e-02
9.614695608615875244e-02
1.119605451822280884e-01
9.772927314043045044e-02
9.735779464244842529e-02
9.118756651878356934e-02
1.348817795515060425e-01
1.209665238857269287e-01
9.870477765798568726e-02
1.251654326915740967e-01
9.853897243738174438e-02
8.500361442565917969e-02
1.057013645768165588e-01
7.387563586235046387e-02
1.053915768861770630e-01
8.311086148023605347e-02
9.239244461059570312e-02
8.718172460794448853e-02
1.215267553925514221e-01
1.053504273295402527e-01
9.614617377519607544e-02
1.052409186959266663e-01
9.781147539615631104e-02
8.878462761640548706e-02
8.410551398992538452e-02
1.111379340291023254e-01
9.178044646978378296e-02
1.053970903158187866e-01
9.992572665214538574e-02
1.098193824291229248e-01
8.038789778947830200e-02
1.068909391760826111e-01
1.122267544269561768e-01
7.680459320545196533e-02
9.788639843463897705e-02
9.518565237522125244e-02
1.052310019731521606e-01
9.761480987071990967e-02
9.069824963808059692e-02
6.453793495893478394e-02
5.959618836641311646e-02
8.970183879137039185e-02
1.298299133777618408e-01
1.143904775381088257e-01
1.140554174780845642e-01
1.279867589473724365e-01
7.661208510398864746e-02
7.582094520330429077e-02
9.306020289659500122e-02
1.036655381321907043e-01
8.882461488246917725e-02
9.509928524494171143e-02
1.083117127418518066e-01
8.258566260337829590e-02
9.518389403820037842e-02
1.148099824786186218e-01
7.185690850019454956e-02
9.412404894828796387e-02
9.411896765232086182e-02
8.475550264120101929e-02
9.271821379661560059e-02
1.100760847330093384e-01
9.063272923231124878e-02
1.281438916921615601e-01
1.167632564902305603e-01
1.138452142477035522e-01
1.160687953233718872e-01
7.737036049365997314e-02
1.028182581067085266e-01
1.251452118158340454e-01
1.036963984370231628e-01
1.132625937461853027e-01
1.229607388377189636e-01
6.994751840829849243e-02
1.159469708800315857e-01
1.145298182964324951e-01
8.048985153436660767e-02
1.078444570302963257e-01
1.032018512487411499e-01
9.693638980388641357e-02
8.925405144691467285e-02
7.836403697729110718e-02
9.086967259645462036e-02
6.969850510358810425e-02
1.188215687870979309e-01
1.204924806952476501e-01
8.984017372131347656e-02
4.768751561641693115e-02
9.526875615119934082e-02
1.038444042205810547e-01
1.011832803487777710e-01
1.208992376923561096e-01
8.156933635473251343e-02
1.319916844367980957e-01
1.240878999233245850e-01
5.142763629555702209e-02
9.342499077320098877e-02
7.929453998804092407e-02
9.464760124683380127e-02
1.132373288273811340e-01
9.594143182039260864e-02
8.778305351734161377e-02
8.874866366386413574e-02
1.154471039772033691e-01
6.924808770418167114e-02
9.564100950956344604e-02
9.646465629339218140e-02
1.134186759591102600e-01
1.137937009334564209e-01
8.909897506237030029e-02
1.058543696999549866e-01
1.225318312644958496e-01
1.062109097838401794e-01
1.154058054089546204e-01
8.218063414096832275e-02
1.044809147715568542e-01
1.100923791527748108e-01
8.319751918315887451e-02
1.083582863211631775e-01
1.049354821443557739e-01
9.006642550230026245e-02
8.843103051185607910e-02
1.055548042058944702e-01
7.624446600675582886e-02
8.074551820755004883e-02
7.856928557157516479e-02
5.927205085754394531e-02
1.399698853492736816e-01
6.680497527122497559e-02
1.301815211772918701e-01
1.068575382232666016e-01
1.125998497009277344e-01
9.879979491233825684e-02
1.272335350513458252e-01
9.061790257692337036e-02
8.809047937393188477e-02
8.617054671049118042e-02
8.631151914596557617e-02
1.024563461542129517e-01
9.400530904531478882e-02
1.003349050879478455e-01
1.101666018366813660e-01
9.939136356115341187e-02
8.818867057561874390e-02
1.032927483320236206e-01
9.828838706016540527e-02
8.438003063201904297e-02
1.277480423450469971e-01
9.454394131898880005e-02
8.676990866661071777e-02
1.089172735810279846e-01
9.804055839776992798e-02
1.126847863197326660e-01
1.114374250173568726e-01
9.351401031017303467e-02
8.334202319383621216e-02
1.111953705549240112e-01
1.089659631252288818e-01
1.129660010337829590e-01
9.134703129529953003e-02
9.375153481960296631e-02
1.242397278547286987e-01
1.284028291702270508e-01
8.207342028617858887e-02
1.104909181594848633e-01
1.039031445980072021e-01
1.095410883426666260e-01
1.194575279951095581e-01
8.464724570512771606e-02
9.738176316022872925e-02
1.094950139522552490e-01
1.571928411722183228e-01
1.117521971464157104e-01
7.356130331754684448e-02
1.013656482100486755e-01
1.159299015998840332e-01
1.055151671171188354e-01
1.138969957828521729e-01
1.102399006485939026e-01
1.447500139474868774e-01
1.116715297102928162e-01
1.054176837205886841e-01
1.016455218195915222e-01
1.088273078203201294e-01
1.640306115150451660e-01
1.119527816772460938e-01
9.017105400562286377e-02
1.053397208452224731e-01
1.006592288613319397e-01
1.015215739607810974e-01
1.090752407908439636e-01
1.176782101392745972e-01
9.013778716325759888e-02
1.053552329540252686e-01
9.643582254648208618e-02
1.022830307483673096e-01
9.138093888759613037e-02
1.101708561182022095e-01
9.340125322341918945e-02
9.925471246242523193e-02
1.187924444675445557e-01
8.261357247829437256e-02
9.534049034118652344e-02
1.046636924147605896e-01
1.111993119120597839e-01
6.916236132383346558e-02
8.233725279569625854e-02
1.046270579099655151e-01
1.043369621038436890e-01
5.699284374713897705e-02
1.070256233215332031e-01
1.341182291507720947e-01
1.040914282202720642e-01
7.108972966670989990e-02
9.586176276206970215e-02
1.335793435573577881e-01
9.421990066766738892e-02
1.278585791587829590e-01
1.046575382351875305e-01
1.369128823280334473e-01
1.158764138817787170e-01
9.217368066310882568e-02
1.116185262799263000e-01
1.066367551684379578e-01
7.487500458955764771e-02
8.589277416467666626e-02
6.556459516286849976e-02
1.256936043500900269e-01
1.033090278506278992e-01
9.114918112754821777e-02
9.284038096666336060e-02
1.123425960540771484e-01
8.182182163000106812e-02
1.359196007251739502e-01
1.212742552161216736e-01
1.412436664104461670e-01
1.035377904772758484e-01
9.753043204545974731e-02
1.061994209885597229e-01
1.111617386341094971e-01
7.437306642532348633e-02
9.816604107618331909e-02
1.010207235813140869e-01
1.189456060528755188e-01
1.188343018293380737e-01
1.117649897933006287e-01
1.086859256029129028e-01
8.792745321989059448e-02
1.132302954792976379e-01
8.554152399301528931e-02
8.535894006490707397e-02
1.035451367497444153e-01
6.894584745168685913e-02
7.934068143367767334e-02
7.872440665960311890e-02
1.086182817816734314e-01
1.016691625118255615e-01
9.006031602621078491e-02
8.853409439325332642e-02
1.631899178028106689e-01
7.759802043437957764e-02
1.239794194698333740e-01
1.040789559483528137e-01
8.474209904670715332e-02
7.958807051181793213e-02
1.058442965149879456e-01
1.087553352117538452e-01
1.010993272066116333e-01
9.589010477066040039e-02
9.570322930812835693e-02
9.754982590675354004e-02
1.045212596654891968e-01
9.509790688753128052e-02
9.810292720794677734e-02
1.403844803571701050e-01
1.318451613187789917e-01
9.666592627763748169e-02
1.043602749705314636e-01
1.002960205078125000e-01
1.115877926349639893e-01
1.083736196160316467e-01
1.022179052233695984e-01
1.085267513990402222e-01
8.050120621919631958e-02
1.027603223919868469e-01
8.626414090394973755e-02
9.804482758045196533e-02
1.114017665386199951e-01
9.382694214582443237e-02
8.926448971033096313e-02
1.021080389618873596e-01
8.803147077560424805e-02
1.028656437993049622e-01
7.865548133850097656e-02
6.284774094820022583e-02
8.110356330871582031e-02
1.001885384321212769e-01
1.105201169848442078e-01
1.168176233768463135e-01
1.384343653917312622e-01
9.591615945100784302e-02
1.139689087867736816e-01
8.070845156908035278e-02
7.411197572946548462e-02
8.287121355533599854e-02
8.150946348905563354e-02
1.193735301494598389e-01
1.039817258715629578e-01
6.600157171487808228e-02
1.026763394474983215e-01
1.118135005235671997e-01
9.593038260936737061e-02
9.741030633449554443e-02
1.127221286296844482e-01
8.756288886070251465e-02
9.669242054224014282e-02
1.012477725744247437e-01
1.390578895807266235e-01
1.002196520566940308e-01
1.082903817296028137e-01
1.101037189364433289e-01
8.695228397846221924e-02
9.689114987850189209e-02
1.067277044057846069e-01
9.370825439691543579e-02
1.206179186701774597e-01
8.723505586385726929e-02
1.077918037772178650e-01
1.035087630152702332e-01
1.155726015567779541e-01
9.306953847408294678e-02
1.039236336946487427e-01
1.470113545656204224e-01
1.112691536545753479e-01
6.430837512016296387e-02
8.344551920890808105e-02
1.168986335396766663e-01
1.107191368937492371e-01
9.293774515390396118e-02
1.262660175561904907e-01
1.059445664286613464e-01
1.073904782533645630e-01
1.078411564230918884e-01
1.352296620607376099e-01
1.091751307249069214e-01
8.709942549467086792e-02
9.863378852605819702e-02
1.559590101242065430e-01
9.093996882438659668e-02
9.586434811353683472e-02
1.056323125958442688e-01
1.163571029901504517e-01
7.651478052139282227e-02
1.013997048139572144e-01
1.325379610061645508e-01
8.680822700262069702e-02
7.857838273048400879e-02
1.014734134078025818e-01
8.991767466068267822e-02
5.926509201526641846e-02
1.221170276403427124e-01
6.869476288557052612e-02
8.673007786273956299e-02
1.029654741287231445e-01
1.047553792595863342e-01
1.028942838311195374e-01
9.118828922510147095e-02
1.225085556507110596e-01
9.242819249629974365e-02
1.070525348186492920e-01
1.058343499898910522e-01
9.926041960716247559e-02
9.334547817707061768e-02
1.075922101736068726e-01
1.063528805971145630e-01
1.188027784228324890e-01
1.052590087056159973e-01
8.693441003561019897e-02
1.210183352231979370e-01
8.721785992383956909e-02
1.054486781358718872e-01
9.081754833459854126e-02
6.020189076662063599e-02
9.384201467037200928e-02
1.021621003746986389e-01
1.255914419889450073e-01
4.214750230312347412e-02
8.807019144296646118e-02
9.106077998876571655e-02
1.225563287734985352e-01
1.009252667427062988e-01
6.824201345443725586e-02
1.246584355831146240e-01
1.203907281160354614e-01
1.246417686343193054e-01
9.158138185739517212e-02
9.783004969358444214e-02
1.192974597215652466e-01
7.030393928289413452e-02
1.091615483164787292e-01
8.823814243078231812e-02
3.967300429940223694e-02
9.564645588397979736e-02
6.130860000848770142e-02
5.518520250916481018e-02
1.042811870574951172e-01
8.943554759025573730e-02
1.074416935443878174e-01
1.001271232962608337e-01
6.474860757589340210e-02
9.023820608854293823e-02
7.179574668407440186e-02
1.146930158138275146e-01
9.949798136949539185e-02
8.996983617544174194e-02
9.652236104011535645e-02
1.050849556922912598e-01
7.426561415195465088e-02
1.010714024305343628e-01
1.022143512964248657e-01
1.152365729212760925e-01
8.414196223020553589e-02
1.059935241937637329e-01
9.044766426086425781e-02
8.077444881200790405e-02
8.499523252248764038e-02
9.428608417510986328e-02
1.096918210387229919e-01
1.133443117141723633e-01
1.122630834579467773e-01
1.077082976698875427e-01
1.059915348887443542e-01
1.171285361051559448e-01
8.290687948465347290e-02
8.475658297538757324e-02
7.005151361227035522e-02
8.497785776853561401e-02
6.045059487223625183e-02
9.177206456661224365e-02
9.836035966873168945e-02
1.198332458734512329e-01
9.925915300846099854e-02
9.898272156715393066e-02
8.510975539684295654e-02
1.228186860680580139e-01
8.322397619485855103e-02
1.044851690530776978e-01
8.673535287380218506e-02
4.887378588318824768e-02
1.210612729191780090e-01
9.925255179405212402e-02
1.293684840202331543e-01
9.569744765758514404e-02
9.996531903743743896e-02
9.672896564006805420e-02
8.755140006542205811e-02
1.043353974819183350e-01
1.015533953905105591e-01
1.255568265914916992e-01
9.137722849845886230e-02
9.731829911470413208e-02
1.002496853470802307e-01
8.505231887102127075e-02
1.184915751218795776e-01
9.778696298599243164e-02
1.122571006417274475e-01
9.544162452220916748e-02
1.134326606988906860e-01
7.796210050582885742e-02
1.108294799923896790e-01
8.293598145246505737e-02
1.026948094367980957e-01
1.087800040841102600e-01
9.261257946491241455e-02
1.013037562370300293e-01
6.746174395084381104e-02
9.716053307056427002e-02
9.698336571455001831e-02
1.195628866553306580e-01
8.293971419334411621e-02
9.523582458496093750e-02
1.043020486831665039e-01
9.690931439399719238e-02
7.135696709156036377e-02
8.725029975175857544e-02
1.173234432935714722e-01
7.622727751731872559e-02
7.909309864044189453e-02
9.444913268089294434e-02
1.038385704159736633e-01
9.250480681657791138e-02
4.746966436505317688e-02
9.213448315858840942e-02
1.064579337835311890e-01
1.175393387675285339e-01
1.055516302585601807e-01
1.099354922771453857e-01
9.602244943380355835e-02
8.781737089157104492e-02
9.444340318441390991e-02
1.069162338972091675e-01
1.042770445346832275e-01
9.960045665502548218e-02
9.106911718845367432e-02
8.737507462501525879e-02
1.172484681010246277e-01
1.030021831393241882e-01
8.796502649784088135e-02
8.136193454265594482e-02
1.184037774801254272e-01
1.010520309209823608e-01
1.506888121366500854e-01
9.805211424827575684e-02
7.372973859310150146e-02
9.588829427957534790e-02
1.104974597692489624e-01
8.497311919927597046e-02
1.122829541563987732e-01
1.351548135280609131e-01
8.951260894536972046e-02
1.166219785809516907e-01
1.024034768342971802e-01
1.118430271744728088e-01
1.096152290701866150e-01
8.486298471689224243e-02
1.181939691305160522e-01
9.321667253971099854e-02
1.378172636032104492e-01
8.074057102203369141e-02
1.259947270154953003e-01
1.207848638296127319e-01
9.743820875883102417e-02
9.079381823539733887e-02
7.562128454446792603e-02
1.832276880741119385e-01
8.191215246915817261e-02
1.057884246110916138e-01
9.833618998527526855e-02
1.121607124805450439e-01
9.120161086320877075e-02
9.414876252412796021e-02
1.134135723114013672e-01
1.252809315919876099e-01
1.023114249110221863e-01
7.885349541902542114e-02
1.014687865972518921e-01
1.075349301099777222e-01
9.897533059120178223e-02
1.000681519508361816e-01
1.070894002914428711e-01
1.003842204809188843e-01
9.236548095941543579e-02
1.116728484630584717e-01
9.165297448635101318e-02
7.736175507307052612e-02
1.049184426665306091e-01
1.007032617926597595e-01
1.240428686141967773e-01
7.668038457632064819e-02
1.056739464402198792e-01
1.302500665187835693e-01
9.739593416452407837e-02
9.764762222766876221e-02
1.079675778746604919e-01
1.001831665635108948e-01
1.465063542127609253e-01
9.499038010835647583e-02
8.943030983209609985e-02
9.166291356086730957e-02
1.260758936405181885e-01
1.037170961499214172e-01
9.462455660104751587e-02
1.385007351636886597e-01
1.145476326346397400e-01
1.141712591052055359e-01
1.383842527866363525e-01
1.280791014432907104e-01
9.804318845272064209e-02
9.002064913511276245e-02
8.494780957698822021e-02
9.730210900306701660e-02
1.064986065030097961e-01
1.252487450838088989e-01
9.923523664474487305e-02
1.187362745404243469e-01
7.950703054666519165e-02
1.080970466136932373e-01
9.943543374538421631e-02
9.062374383211135864e-02
1.343443244695663452e-01
1.039387434720993042e-01
1.043907552957534790e-01
1.091762632131576538e-01
8.926574140787124634e-02
1.046772822737693787e-01
1.085669621825218201e-01
1.141580268740653992e-01
1.027278304100036621e-01
9.132315218448638916e-02
1.142115071415901184e-01
8.530644327402114868e-02
1.056489348411560059e-01
9.428836405277252197e-02
9.826347976922988892e-02
9.733717143535614014e-02
1.085560917854309082e-01
1.380599290132522583e-01
9.457123279571533203e-02
1.464664340019226074e-01
9.015449881553649902e-02
1.062622144818305969e-01
