3.161239624023437500e-02
2.017039805650711060e-02
1.965857483446598053e-02
1.603047922253608704e-02
1.973205432295799255e-02
3.085882402956485748e-02
2.446628361940383911e-02
1.920996978878974915e-02
3.156522288918495178e-02
1.571279205381870270e-02
2.279259264469146729e-02
1.939078234136104584e-02
2.549960836768150330e-02
4.299882054328918457e-02
3.069453686475753784e-02
1.751627400517463684e-02
1.642982102930545807e-02
1.805448532104492188e-02
1.627691276371479034e-02
1.398353278636932373e-02
2.382326126098632812e-02
1.871176622807979584e-02
1.682532392442226410e-02
2.466042339801788330e-02
1.747988536953926086e-02
2.260316535830497742e-02
1.760212332010269165e-02
1.430906169116497040e-02
2.023303136229515076e-02
2.349887788295745850e-02
2.243674919009208679e-02
2.491503581404685974e-02
3.478155285120010376e-02
1.971980370581150055e-02
1.885431259870529175e-02
2.662351541221141815e-02
1.718214713037014008e-02
5.983164533972740173e-02
1.444748789072036743e-02
1.412162557244300842e-02
2.064628526568412781e-02
1.987780630588531494e-02
1.312136091291904449e-02
2.689947374165058136e-02
3.237968683242797852e-02
1.641364581882953644e-02
1.780222356319427490e-02
1.862699910998344421e-02
1.803710497915744781e-02
2.853051386773586273e-02
1.477711927145719528e-02
1.445398200303316116e-02
1.392687670886516571e-02
3.484163805842399597e-02
2.391765452921390533e-02
1.327821332961320877e-02
2.664691396057605743e-02
2.389409393072128296e-02
3.320234641432762146e-02
2.710004895925521851e-02
2.560750953853130341e-02
1.862926967442035675e-02
2.323499135673046112e-02
4.051935672760009766e-02
2.780641801655292511e-02
1.716003380715847015e-02
1.269450318068265915e-02
2.482487820088863373e-02
1.393032912164926529e-02
2.906961925327777863e-02
1.794201694428920746e-02
2.262156084179878235e-02
1.805925928056240082e-02
2.527883462607860565e-02
1.881754770874977112e-02
2.810820005834102631e-02
1.987295597791671753e-02
3.203980624675750732e-02
2.327719889581203461e-02
2.275225706398487091e-02
3.379780054092407227e-02
1.622730679810047150e-02
2.225554175674915314e-02
1.403490826487541199e-02
1.462438888847827911e-02
1.726495847105979919e-02
1.747346669435501099e-02
1.727176830172538757e-02
1.492787245661020279e-02
2.600334957242012024e-02
1.979313232004642487e-02
2.162930369377136230e-02
2.302965521812438965e-02
2.881384268403053284e-02
1.312675792723894119e-02
1.543422508984804153e-02
1.919647678732872009e-02
3.173970803618431091e-02
1.203888002783060074e-02
3.239174932241439819e-02
1.984608359634876251e-02
1.842571608722209930e-02
1.913424953818321228e-02
1.716810651123523712e-02
2.076023444533348083e-02
1.851502247154712677e-02
1.500022504478693008e-02
1.575261726975440979e-02
1.514710020273923874e-02
2.622996829450130463e-02
1.538277696818113327e-02
3.454243764281272888e-02
1.508622895926237106e-02
1.554341427981853485e-02
3.219101577997207642e-02
1.970239169895648956e-02
1.545652467757463455e-02
3.929644078016281128e-02
1.809532754123210907e-02
1.714176684617996216e-02
1.689083129167556763e-02
1.946197822690010071e-02
2.854906581342220306e-02
2.820652350783348083e-02
1.684903912246227264e-02
1.483026985079050064e-02
3.133387118577957153e-02
3.149682655930519104e-02
1.534818951040506363e-02
1.985193416476249695e-02
1.596143841743469238e-02
3.592509403824806213e-02
1.996453292667865753e-02
2.007613144814968109e-02
1.643731631338596344e-02
1.786406151950359344e-02
2.164554782211780548e-02
2.080085501074790955e-02
3.349282592535018921e-02
1.718860305845737457e-02
1.989192515611648560e-02
1.877490803599357605e-02
1.465877052396535873e-02
1.862980239093303680e-02
4.714338108897209167e-02
1.288113184273242950e-02
1.696974784135818481e-02
2.842602506279945374e-02
2.067177928984165192e-02
1.577318273484706879e-02
1.298153959214687347e-02
1.693311147391796112e-02
1.611145585775375366e-02
2.121835947036743164e-02
1.629843935370445251e-02
2.510388754308223724e-02
1.665440015494823456e-02
1.690260507166385651e-02
1.713836379349231720e-02
1.616169884800910950e-02
1.647095941007137299e-02
2.568117529153823853e-02
2.000078931450843811e-02
2.783875726163387299e-02
1.818286255002021790e-02
1.532669644802808762e-02
2.845662832260131836e-02
2.584660612046718597e-02
1.816647499799728394e-02
2.610128931701183319e-02
1.527423970401287079e-02
1.708849519491195679e-02
2.815090864896774292e-02
1.977196149528026581e-02
1.620865426957607269e-02
1.650178432464599609e-02
1.754889823496341705e-02
1.496840175241231918e-02
1.633897796273231506e-02
2.948770672082901001e-02
2.903744392096996307e-02
2.875842899084091187e-02
1.848883368074893951e-02
2.449363283812999725e-02
2.468613721430301666e-02
3.021837025880813599e-02
2.669888548552989960e-02
2.126674726605415344e-02
1.658026687800884247e-02
1.726507395505905151e-02
3.659516572952270508e-02
2.788677997887134552e-02
2.044642530381679535e-02
1.894506067037582397e-02
1.419113762676715851e-02
2.530890703201293945e-02
2.452746778726577759e-02
1.872037909924983978e-02
1.903985254466533661e-02
1.835216395556926727e-02
3.269317001104354858e-02
1.792712509632110596e-02
2.196204103529453278e-02
1.419825851917266846e-02
2.615403756499290466e-02
2.242371998727321625e-02
1.752864196896553040e-02
3.001537732779979706e-02
2.326408587396144867e-02
1.525316759943962097e-02
1.357369311153888702e-02
1.553621143102645874e-02
1.382740866392850876e-02
1.965286582708358765e-02
2.458503283560276031e-02
1.978695206344127655e-02
3.431764617562294006e-02
1.978073082864284515e-02
3.484123200178146362e-02
2.067671716213226318e-02
2.434666454792022705e-02
2.095130831003189087e-02
2.718407288193702698e-02
4.109308868646621704e-02
2.100593596696853638e-02
1.346896495670080185e-02
2.029178477823734283e-02
1.777601428329944611e-02
2.200232259929180145e-02
1.943296380341053009e-02
2.059450559318065643e-02
1.587400771677494049e-02
2.218003198504447937e-02
2.045828104019165039e-02
1.601690985262393951e-02
2.291679568588733673e-02
1.318548247218132019e-02
2.133801952004432678e-02
1.309589203447103500e-02
1.384809426963329315e-02
2.485943585634231567e-02
1.582494750618934631e-02
3.432852402329444885e-02
2.047593705356121063e-02
1.668666116893291473e-02
1.370472088456153870e-02
1.209719013422727585e-02
1.603661291301250458e-02
1.870759762823581696e-02
1.621370390057563782e-02
1.968077570199966431e-02
1.534596551209688187e-02
2.726876735687255859e-02
2.225379832088947296e-02
1.838143356144428253e-02
2.010200358927249908e-02
1.669464819133281708e-02
1.257639750838279724e-02
1.742442511022090912e-02
2.049291692674160004e-02
1.599105261266231537e-02
1.730031147599220276e-02
2.221757359802722931e-02
1.752039417624473572e-02
2.682850323617458344e-02
1.585897989571094513e-02
1.618251390755176544e-02
2.201700210571289062e-02
1.838609948754310608e-02
1.574353687465190887e-02
2.325143292546272278e-02
1.377993170171976089e-02
2.072412148118019104e-02
1.799925416707992554e-02
1.419535465538501740e-02
2.521272562444210052e-02
1.488561928272247314e-02
1.571081019937992096e-02
2.101550623774528503e-02
1.820007525384426117e-02
1.471630856394767761e-02
2.473712898790836334e-02
2.315358258783817291e-02
2.093100175261497498e-02
1.569013670086860657e-02
2.422489412128925323e-02
1.687923073768615723e-02
2.430406585335731506e-02
1.952485181391239166e-02
1.922492682933807373e-02
1.195288076996803284e-02
2.598278969526290894e-02
2.651321887969970703e-02
4.046211391687393188e-02
2.477872744202613831e-02
1.399924885481595993e-02
1.933980360627174377e-02
1.918944343924522400e-02
3.139709308743476868e-02
2.520785853266716003e-02
1.592110283672809601e-02
1.783988438546657562e-02
2.002430334687232971e-02
2.102726325392723083e-02
1.615742221474647522e-02
1.700248010456562042e-02
2.410172298550605774e-02
2.072435617446899414e-02
2.702997438609600067e-02
1.929971948266029358e-02
1.715050265192985535e-02
2.447634376585483551e-02
1.943282783031463623e-02
1.600339636206626892e-02
3.120573610067367554e-02
2.387258596718311310e-02
2.166099101305007935e-02
1.793784461915493011e-02
2.005799114704132080e-02
1.524209510535001755e-02
1.431070547550916672e-02
1.881512627005577087e-02
2.385043911635875702e-02
1.703988574445247650e-02
1.501324120908975601e-02
1.793397031724452972e-02
1.665703393518924713e-02
2.170408330857753754e-02
1.681869104504585266e-02
3.670477867126464844e-02
1.619779318571090698e-02
3.684381768107414246e-02
1.715624891221523285e-02
1.737491041421890259e-02
1.505682803690433502e-02
2.703921683132648468e-02
2.264749072492122650e-02
2.318315394222736359e-02
3.098051622509956360e-02
1.422896888107061386e-02
3.459703922271728516e-02
2.582186274230480194e-02
2.432249486446380615e-02
1.745923794806003571e-02
1.515261456370353699e-02
4.282090440392494202e-02
1.234534755349159241e-02
2.314296737313270569e-02
2.355261147022247314e-02
1.859125308692455292e-02
2.498499676585197449e-02
2.582802064716815948e-02
2.818414755165576935e-02
1.180404704064130783e-02
2.564749121665954590e-02
1.858132332563400269e-02
1.394254155457019806e-02
2.097683399915695190e-02
2.417226880788803101e-02
1.850542426109313965e-02
4.960065707564353943e-02
1.542724575847387314e-02
1.724260300397872925e-02
2.174121886491775513e-02
2.037082798779010773e-02
1.673708483576774597e-02
2.200706489384174347e-02
1.691028662025928497e-02
1.835294254124164581e-02
1.794304139912128448e-02
1.921943016350269318e-02
1.972669549286365509e-02
2.093783579766750336e-02
1.645570620894432068e-02
1.267701759934425354e-02
2.026270329952239990e-02
1.666211523115634918e-02
5.112595856189727783e-02
1.681052520871162415e-02
2.256351336836814880e-02
2.054239436984062195e-02
2.433880791068077087e-02
1.914079487323760986e-02
1.774479076266288757e-02
1.895468682050704956e-02
2.002502977848052979e-02
1.728604361414909363e-02
1.537000201642513275e-02
1.648791693150997162e-02
1.491207350045442581e-02
1.921617612242698669e-02
1.546443160623311996e-02
1.879081688821315765e-02
2.843796834349632263e-02
1.980487816035747528e-02
2.156379260122776031e-02
1.472351979464292526e-02
1.418683398514986038e-02
2.448021247982978821e-02
1.708593964576721191e-02
1.883764564990997314e-02
2.792674489319324493e-02
3.377056121826171875e-02
2.119518630206584930e-02
1.618821732699871063e-02
1.646029204130172729e-02
1.254949811846017838e-02
2.435939945280551910e-02
2.215449139475822449e-02
2.988860383629798889e-02
2.858506329357624054e-02
1.527828909456729889e-02
2.659217454493045807e-02
2.924141846597194672e-02
1.647246628999710083e-02
1.636957935988903046e-02
2.899070270359516144e-02
2.265750989317893982e-02
1.497317478060722351e-02
1.611015386879444122e-02
1.710963249206542969e-02
2.218443900346755981e-02
1.216796226799488068e-02
1.868745684623718262e-02
1.717017777264118195e-02
2.175663039088249207e-02
1.534058153629302979e-02
1.510151941329240799e-02
1.716683618724346161e-02
2.893937006592750549e-02
1.847073808312416077e-02
1.646294817328453064e-02
1.670483313500881195e-02
2.532858774065971375e-02
1.859559863805770874e-02
1.486240793019533157e-02
1.397307403385639191e-02
2.853553742170333862e-02
1.787080988287925720e-02
2.039875462651252747e-02
2.675217203795909882e-02
2.943961136043071747e-02
2.331697568297386169e-02
1.939567737281322479e-02
1.777750998735427856e-02
1.467343885451555252e-02
3.237579390406608582e-02
1.732130348682403564e-02
1.559038180857896805e-02
2.806666865944862366e-02
1.311564911156892776e-02
1.800338178873062134e-02
1.573362760245800018e-02
1.648239046335220337e-02
2.847008593380451202e-02
2.706936560571193695e-02
1.151455193758010864e-02
4.949999973177909851e-02
1.228812988847494125e-02
1.823087409138679504e-02
1.425924804061651230e-02
1.928020641207695007e-02
2.807579189538955688e-02
1.729742810130119324e-02
1.758797839283943176e-02
1.872173137962818146e-02
1.262325048446655273e-02
1.878219656646251678e-02
2.010780572891235352e-02
2.758894860744476318e-02
2.557906508445739746e-02
2.188056521117687225e-02
3.477206826210021973e-02
1.805611141026020050e-02
2.589207142591476440e-02
2.966794371604919434e-02
1.528319064527750015e-02
2.003738097846508026e-02
2.121086604893207550e-02
2.089341543614864349e-02
1.883927360177040100e-02
1.803414709866046906e-02
2.958794869482517242e-02
1.547117996960878372e-02
1.629869639873504639e-02
2.370504662394523621e-02
1.977053470909595490e-02
3.068577125668525696e-02
3.051752597093582153e-02
2.314979583024978638e-02
1.761784404516220093e-02
1.874152198433876038e-02
2.297719754278659821e-02
1.610265858471393585e-02
2.189366333186626434e-02
1.731014437973499298e-02
1.854110509157180786e-02
4.424128681421279907e-02
3.039916232228279114e-02
2.269454672932624817e-02
2.212370000779628754e-02
1.804413273930549622e-02
2.090301550924777985e-02
1.707306131720542908e-02
3.365557640790939331e-02
1.874164305627346039e-02
1.739511452615261078e-02
1.487178169190883636e-02
1.637887768447399139e-02
2.882994338870048523e-02
1.652610301971435547e-02
2.689499408006668091e-02
1.452044770121574402e-02
1.875052042305469513e-02
2.344062365591526031e-02
1.724962331354618073e-02
2.210751920938491821e-02
3.212589770555496216e-02
2.350649610161781311e-02
1.951196230947971344e-02
1.281526312232017517e-02
2.000050619244575500e-02
1.692814938724040985e-02
1.802902296185493469e-02
1.679071970283985138e-02
1.425666268914937973e-02
2.581213600933551788e-02
2.690297178924083710e-02
2.573138102889060974e-02
1.739858277142047882e-02
4.159139841794967651e-02
1.788001880049705505e-02
2.023614756762981415e-02
1.953549124300479889e-02
2.195166796445846558e-02
3.814326599240303040e-02
2.854818664491176605e-02
3.459849581122398376e-02
2.982462942600250244e-02
1.631927676498889923e-02
2.028477191925048828e-02
3.487341105937957764e-02
2.002446167171001434e-02
1.322685368359088898e-02
2.784894406795501709e-02
5.199905112385749817e-02
2.062655799090862274e-02
1.820935867726802826e-02
1.447109039872884750e-02
2.546426281332969666e-02
2.511302381753921509e-02
1.659169606864452362e-02
3.553547710180282593e-02
1.612346991896629333e-02
1.424260251224040985e-02
2.349315211176872253e-02
2.839129790663719177e-02
2.087851054966449738e-02
1.674912124872207642e-02
1.439787540584802628e-02
1.759701408445835114e-02
1.695832610130310059e-02
2.008474618196487427e-02
1.810388453304767609e-02
1.623273082077503204e-02
3.782869875431060791e-02
1.912866719067096710e-02
2.612759917974472046e-02
1.659211516380310059e-02
2.710781805217266083e-02
2.032260783016681671e-02
1.701641455292701721e-02
1.791717857122421265e-02
3.535052388906478882e-02
1.968760602176189423e-02
2.597218193113803864e-02
1.851713657379150391e-02
2.255192771553993225e-02
1.818176172673702240e-02
2.029486000537872314e-02
5.707310512661933899e-02
2.251759357750415802e-02
1.672522537410259247e-02
2.096161432564258575e-02
1.435384340584278107e-02
1.818187534809112549e-02
4.012882709503173828e-02
1.699743233621120453e-02
1.914394088089466095e-02
1.879981718957424164e-02
4.764577373862266541e-02
2.216025628149509430e-02
2.096398919820785522e-02
1.547172199934720993e-02
1.834479346871376038e-02
2.275852672755718231e-02
1.831771247088909149e-02
2.087281085550785065e-02
1.817622408270835876e-02
2.693377248942852020e-02
1.520594488829374313e-02
2.302406542003154755e-02
1.586718298494815826e-02
2.067087590694427490e-02
1.417020987719297409e-02
1.806761696934700012e-02
2.138225734233856201e-02
1.540585327893495560e-02
2.170143462717533112e-02
2.381096966564655304e-02
2.942925319075584412e-02
2.358100004494190216e-02
2.234273776412010193e-02
1.911866478621959686e-02
1.738407462835311890e-02
2.481280826032161713e-02
2.386431023478507996e-02
2.538023702800273895e-02
2.234907262027263641e-02
1.974701881408691406e-02
1.576417498290538788e-02
1.685763895511627197e-02
2.088327892124652863e-02
1.920239068567752838e-02
2.022460103034973145e-02
1.267880946397781372e-02
1.981384307146072388e-02
2.756231650710105896e-02
1.961642690002918243e-02
2.364041469991207123e-02
2.295098453760147095e-02
2.031578868627548218e-02
1.562121976166963577e-02
2.103595808148384094e-02
1.450244896113872528e-02
1.891596242785453796e-02
2.066736668348312378e-02
2.437615767121315002e-02
2.591205947101116180e-02
1.506040897220373154e-02
2.478553727269172668e-02
1.800344325602054596e-02
4.190818220376968384e-02
1.432213373482227325e-02
3.024050220847129822e-02
1.354978419840335846e-02
2.776383608579635620e-02
2.341628260910511017e-02
2.547459118068218231e-02
3.692037239670753479e-02
1.303859241306781769e-02
1.472471840679645538e-02
1.749129220843315125e-02
1.858169585466384888e-02
1.725570298731327057e-02
2.010081522166728973e-02
2.078916132450103760e-02
1.710294373333454132e-02
1.504163816571235657e-02
1.890531741082668304e-02
1.771041564643383026e-02
2.016114071011543274e-02
2.258459478616714478e-02
2.097604982554912567e-02
2.413035184144973755e-02
2.652888186275959015e-02
2.219330705702304840e-02
2.746949717402458191e-02
2.187342755496501923e-02
2.359271235764026642e-02
1.935024745762348175e-02
1.468425523489713669e-02
1.640991866588592529e-02
2.349250949919223785e-02
1.531440205872058868e-02
2.292538248002529144e-02
3.629506006836891174e-02
1.885914243757724762e-02
1.889989525079727173e-02
1.606034673750400543e-02
1.927763409912586212e-02
1.813801564276218414e-02
2.601327747106552124e-02
3.091695532202720642e-02
1.527065224945545197e-02
1.655700616538524628e-02
1.466125715523958206e-02
1.587684452533721924e-02
2.158575132489204407e-02
1.837467961013317108e-02
1.893793232738971710e-02
1.605394668877124786e-02
1.572807319462299347e-02
3.696608170866966248e-02
1.544328592717647552e-02
1.430911477655172348e-02
1.958097703754901886e-02
2.568174339830875397e-02
2.362132444977760315e-02
2.005642279982566833e-02
2.344388701021671295e-02
1.735058799386024475e-02
2.512597851455211639e-02
1.741525158286094666e-02
2.077636681497097015e-02
1.583148725330829620e-02
1.543710567057132721e-02
1.495634764432907104e-02
1.902588270604610443e-02
5.295765399932861328e-02
1.224060356616973877e-02
1.642370969057083130e-02
1.668954454362392426e-02
1.818682439625263214e-02
1.249455846846103668e-02
1.584985852241516113e-02
4.618255048990249634e-02
2.126491256058216095e-02
2.326266467571258545e-02
2.595083601772785187e-02
2.923834137618541718e-02
1.411777921020984650e-02
2.274428680539131165e-02
2.463362924754619598e-02
1.903995312750339508e-02
5.619416385889053345e-02
3.203259035944938660e-02
3.681965917348861694e-02
4.519717767834663391e-02
1.608595810830593109e-02
2.253334224224090576e-02
1.447740010917186737e-02
6.986228376626968384e-02
2.506149560213088989e-02
2.078928425908088684e-02
3.821640089154243469e-02
1.797609589993953705e-02
1.475684624165296555e-02
2.459034882485866547e-02
2.893320843577384949e-02
2.492722123861312866e-02
1.844951696693897247e-02
2.172453328967094421e-02
1.922649145126342773e-02
1.841112039983272552e-02
2.523650974035263062e-02
1.449682284146547318e-02
1.603016071021556854e-02
1.849244721233844757e-02
2.055512368679046631e-02
3.595900535583496094e-02
1.999468915164470673e-02
1.667870767414569855e-02
3.004107065498828888e-02
1.475033536553382874e-02
2.161904610693454742e-02
2.591476961970329285e-02
2.409875392913818359e-02
3.484935685992240906e-02
2.328720316290855408e-02
1.678998768329620361e-02
1.866700686514377594e-02
1.550604682415723801e-02
3.911166638135910034e-02
2.346755564212799072e-02
1.730227470397949219e-02
1.235006842762231827e-02
2.593486011028289795e-02
1.755208149552345276e-02
1.389995962381362915e-02
3.634107112884521484e-02
1.997822895646095276e-02
1.779020577669143677e-02
2.903801761567592621e-02
3.780834004282951355e-02
1.699656806886196136e-02
1.286993548274040222e-02
1.395892724394798279e-02
1.846362836658954620e-02
2.111898921430110931e-02
2.740995958447456360e-02
1.964023523032665253e-02
1.924629509449005127e-02
2.201592735946178436e-02
1.750377565622329712e-02
2.167016267776489258e-02
1.509776990860700607e-02
2.165018208324909210e-02
3.382964059710502625e-02
1.764409244060516357e-02
1.807605847716331482e-02
1.389271207153797150e-02
1.641359180212020874e-02
2.928892709314823151e-02
4.135633632540702820e-02
2.894164994359016418e-02
2.140426635742187500e-02
1.867277547717094421e-02
1.450413186103105545e-02
1.384367141872644424e-02
2.268294803798198700e-02
1.761816814541816711e-02
1.611176319420337677e-02
1.950630359351634979e-02
4.322783648967742920e-02
1.667203940451145172e-02
2.585257589817047119e-02
2.087113074958324432e-02
2.125480026006698608e-02
