4.942119598388671875e+00
8.029572486877441406e+00
9.785850524902343750e+00
7.854311466217041016e+00
9.114268302917480469e+00
5.246193885803222656e+00
5.092863559722900391e+00
8.688548088073730469e+00
8.058897018432617188e+00
7.518302917480468750e+00
6.590703964233398438e+00
7.884592533111572266e+00
6.596476554870605469e+00
2.874745368957519531e+00
6.969010829925537109e+00
7.899874687194824219e+00
7.713788986206054688e+00
7.477830410003662109e+00
9.074229240417480469e+00
7.515123844146728516e+00
6.009127140045166016e+00
8.133708000183105469e+00
7.528214454650878906e+00
4.685266017913818359e+00
8.584527015686035156e+00
1.211546301841735840e+00
8.285018920898437500e+00
6.429036617279052734e+00
9.568490982055664062e+00
8.231562614440917969e+00
9.533017158508300781e+00
3.464986562728881836e+00
3.387329578399658203e+00
7.701105117797851562e+00
8.341327667236328125e+00
6.201727390289306641e+00
9.668094635009765625e+00
1.484692931175231934e+00
4.185322761535644531e+00
6.364694118499755859e+00
8.993268966674804688e+00
7.811088085174560547e+00
6.654774665832519531e+00
6.065585613250732422e+00
5.057295322418212891e+00
8.720476150512695312e+00
7.536471843719482422e+00
7.467218399047851562e+00
8.535137176513671875e+00
5.234327793121337891e+00
6.552576065063476562e+00
6.934663772583007812e+00
5.856257438659667969e+00
4.324351310729980469e+00
5.070656299591064453e+00
3.635718345642089844e+00
6.343803882598876953e+00
3.877615928649902344e+00
8.508730888366699219e+00
5.444666862487792969e+00
7.466983318328857422e+00
9.886144638061523438e+00
4.057869434356689453e+00
7.761915206909179688e+00
1.142174053192138672e+01
7.464113712310791016e+00
6.278487205505371094e+00
4.401351928710937500e+00
5.945534706115722656e+00
8.045501708984375000e+00
8.365332603454589844e+00
6.963151454925537109e+00
9.522033691406250000e+00
4.146453857421875000e+00
6.356784820556640625e+00
4.561834812164306641e+00
7.385202884674072266e+00
6.669851303100585938e+00
1.044469165802001953e+01
6.198751449584960938e+00
6.064932346343994141e+00
8.498585700988769531e+00
6.862417221069335938e+00
6.350049018859863281e+00
6.687446117401123047e+00
7.578706264495849609e+00
7.952970027923583984e+00
4.966669559478759766e+00
6.725018024444580078e+00
4.330988407135009766e+00
9.190305709838867188e+00
5.546216964721679688e+00
7.403239727020263672e+00
5.643119335174560547e+00
6.720320224761962891e+00
6.944200038909912109e+00
6.025939941406250000e+00
3.829077720642089844e+00
6.566256999969482422e+00
5.532211780548095703e+00
8.997462272644042969e+00
8.052065849304199219e+00
7.471236705780029297e+00
5.749835491180419922e+00
3.772419452667236328e+00
4.795761585235595703e+00
6.517888069152832031e+00
7.579162120819091797e+00
4.005373954772949219e+00
2.183094263076782227e+00
3.428864002227783203e+00
4.602026462554931641e+00
7.189477920532226562e+00
6.730691909790039062e+00
4.844153881072998047e+00
8.609315872192382812e+00
7.663501262664794922e+00
5.966805934906005859e+00
5.832008361816406250e+00
4.695724964141845703e+00
7.240288257598876953e+00
4.602653026580810547e+00
7.755818367004394531e+00
6.498142719268798828e+00
8.491838455200195312e+00
1.368566513061523438e+00
6.271647453308105469e+00
7.146910190582275391e+00
7.988463878631591797e+00
8.809533119201660156e+00
6.835278511047363281e+00
4.406092166900634766e+00
5.290293693542480469e+00
8.760924339294433594e+00
7.765033245086669922e+00
4.979840278625488281e+00
2.329599857330322266e+00
5.625689506530761719e+00
5.778780460357666016e+00
7.021639823913574219e+00
8.857110023498535156e+00
6.093596458435058594e+00
7.032533645629882812e+00
5.292852878570556641e+00
4.129643440246582031e+00
6.387314319610595703e+00
7.849437236785888672e+00
9.766865730285644531e+00
4.869221687316894531e+00
4.016015529632568359e+00
6.777879714965820312e+00
7.671164512634277344e+00
6.839776515960693359e+00
6.278483867645263672e+00
6.693368434906005859e+00
6.239657878875732422e+00
4.239718437194824219e+00
9.200319290161132812e+00
3.634588241577148438e+00
6.248921871185302734e+00
7.558484077453613281e+00
9.919734954833984375e+00
7.773107051849365234e+00
9.743726730346679688e+00
7.227446556091308594e+00
6.582423210144042969e+00
8.067234039306640625e+00
8.448474884033203125e+00
8.821976661682128906e+00
3.158715248107910156e+00
6.165562152862548828e+00
7.385809421539306641e+00
7.313494205474853516e+00
5.309190273284912109e+00
7.360481262207031250e+00
7.836599826812744141e+00
8.906302452087402344e+00
7.342433452606201172e+00
8.555653572082519531e+00
6.748414039611816406e+00
1.060150432586669922e+01
9.793994903564453125e+00
8.097919464111328125e+00
5.454965114593505859e+00
7.620687484741210938e+00
7.678678512573242188e+00
2.865920305252075195e+00
8.552967071533203125e+00
6.280605316162109375e+00
8.003522872924804688e+00
4.756788730621337891e+00
3.982245683670043945e+00
7.011050701141357422e+00
4.980962276458740234e+00
7.607324123382568359e+00
8.866868019104003906e+00
8.627961158752441406e+00
9.480119705200195312e+00
6.659733295440673828e+00
5.900409698486328125e+00
6.328144550323486328e+00
8.132277488708496094e+00
9.950115203857421875e+00
7.132248401641845703e+00
2.507047891616821289e+00
1.062851333618164062e+01
8.681981086730957031e+00
1.121017456054687500e+01
7.224292755126953125e+00
7.726498126983642578e+00
6.282002925872802734e+00
6.664700508117675781e+00
6.916821479797363281e+00
2.965049028396606445e+00
6.061226367950439453e+00
5.739478111267089844e+00
3.535446882247924805e+00
6.512663364410400391e+00
2.397068262100219727e+00
9.027964591979980469e+00
3.854439020156860352e+00
6.749810695648193359e+00
1.208273768424987793e+00
3.218321323394775391e+00
8.599650382995605469e+00
6.732084274291992188e+00
7.964220046997070312e+00
8.415575981140136719e+00
7.957263946533203125e+00
9.660317420959472656e+00
6.133320808410644531e+00
4.971224308013916016e+00
5.277689933776855469e+00
1.117277717590332031e+01
6.293721675872802734e+00
3.488451480865478516e+00
6.021122932434082031e+00
1.501636743545532227e+00
3.629724979400634766e+00
6.241084098815917969e+00
7.601543426513671875e+00
7.610740661621093750e+00
3.258940219879150391e+00
1.005087947845458984e+01
3.569072961807250977e+00
4.620379447937011719e+00
6.164827346801757812e+00
6.506422519683837891e+00
7.979923248291015625e+00
4.714804649353027344e+00
9.632132530212402344e+00
7.004283428192138672e+00
8.423591613769531250e+00
9.353723526000976562e+00
2.398173093795776367e+00
5.157896518707275391e+00
7.653281211853027344e+00
6.574540615081787109e+00
8.205815315246582031e+00
9.071570396423339844e+00
7.568806171417236328e+00
8.470710754394531250e+00
9.651495933532714844e+00
8.461266517639160156e+00
8.736268997192382812e+00
5.278242111206054688e+00
7.304817199707031250e+00
7.672067165374755859e+00
8.493042945861816406e+00
5.191437721252441406e+00
9.335566520690917969e+00
4.248014926910400391e+00
7.742437362670898438e+00
7.980642795562744141e+00
4.745635032653808594e+00
7.264806747436523438e+00
6.458041667938232422e+00
7.208203792572021484e+00
4.601711750030517578e+00
3.702439308166503906e+00
7.401887893676757812e+00
4.828079223632812500e+00
8.141736984252929688e+00
8.615365982055664062e+00
7.409084320068359375e+00
9.566112518310546875e+00
5.732337951660156250e+00
4.854226589202880859e+00
8.526153564453125000e+00
7.579199790954589844e+00
4.017168045043945312e+00
7.924274921417236328e+00
7.672090530395507812e+00
6.180227756500244141e+00
5.533319473266601562e+00
6.904950618743896484e+00
8.727406501770019531e+00
7.628674983978271484e+00
3.049510002136230469e+00
2.474973678588867188e+00
7.638045310974121094e+00
8.300224304199218750e+00
4.371007442474365234e+00
2.208222150802612305e+00
8.319039344787597656e+00
9.149429321289062500e+00
6.174750804901123047e+00
6.011970043182373047e+00
2.780092716217041016e+00
8.904663085937500000e+00
9.005230903625488281e+00
5.428549289703369141e+00
5.402398109436035156e+00
7.486410617828369141e+00
5.610306739807128906e+00
8.047499656677246094e+00
5.464301586151123047e+00
8.542730331420898438e+00
6.766091823577880859e+00
7.463024139404296875e+00
7.098006248474121094e+00
8.075408935546875000e+00
5.394783973693847656e+00
6.979217052459716797e+00
3.792752742767333984e+00
8.853342056274414062e+00
7.991528034210205078e+00
1.043584156036376953e+01
8.184083938598632812e+00
1.995599150657653809e+00
7.329380989074707031e+00
5.444446563720703125e+00
5.678570747375488281e+00
4.297405719757080078e+00
6.758660793304443359e+00
8.306307792663574219e+00
1.060059165954589844e+01
5.088624000549316406e+00
1.608566761016845703e+00
5.754416942596435547e+00
6.172620296478271484e+00
5.521401405334472656e+00
5.832900524139404297e+00
7.525771617889404297e+00
6.060953617095947266e+00
3.678631067276000977e+00
6.116661548614501953e+00
6.378322601318359375e+00
7.109586715698242188e+00
8.391313552856445312e+00
8.107343673706054688e+00
5.278036594390869141e+00
8.234757423400878906e+00
5.435791492462158203e+00
3.246037721633911133e+00
7.619102954864501953e+00
6.389337539672851562e+00
4.925199985504150391e+00
6.821092605590820312e+00
8.245187759399414062e+00
4.845116138458251953e+00
6.718861579895019531e+00
7.932623386383056641e+00
1.033984184265136719e+01
1.052213382720947266e+01
8.131167411804199219e+00
6.692021846771240234e+00
8.557034492492675781e+00
9.688298225402832031e+00
8.318331718444824219e+00
8.327215194702148438e+00
4.572368621826171875e+00
5.070053577423095703e+00
8.063421249389648438e+00
6.894340515136718750e+00
7.353863716125488281e+00
7.523712158203125000e+00
6.117345333099365234e+00
7.823532581329345703e+00
9.886109352111816406e+00
3.960122585296630859e+00
6.417072772979736328e+00
9.685564994812011719e+00
7.713655471801757812e+00
4.092103958129882812e+00
9.558937072753906250e+00
7.706657409667968750e+00
6.594937324523925781e+00
8.224770545959472656e+00
7.606905937194824219e+00
5.423462867736816406e+00
8.016807556152343750e+00
9.881702423095703125e+00
4.953770160675048828e+00
7.143437385559082031e+00
5.990196704864501953e+00
6.890326976776123047e+00
6.318016529083251953e+00
6.773591041564941406e+00
7.085662364959716797e+00
7.242727756500244141e+00
5.918534755706787109e+00
6.555843353271484375e+00
2.710524559020996094e+00
3.380923271179199219e+00
6.524943351745605469e+00
6.092605113983154297e+00
3.430290222167968750e+00
9.886011123657226562e+00
6.408233642578125000e+00
3.799803495407104492e+00
4.554740428924560547e+00
2.984045982360839844e+00
4.207377433776855469e+00
7.899813652038574219e+00
8.462900161743164062e+00
3.283595323562622070e+00
8.593465805053710938e+00
7.188636302947998047e+00
8.502352714538574219e+00
7.024134159088134766e+00
8.494268417358398438e+00
3.745247840881347656e+00
6.372300624847412109e+00
5.436839103698730469e+00
1.040027809143066406e+01
6.791791915893554688e+00
7.299986362457275391e+00
4.721083641052246094e+00
5.259115219116210938e+00
5.707788944244384766e+00
8.079316139221191406e+00
6.878198146820068359e+00
8.865356445312500000e+00
6.227005958557128906e+00
6.313129425048828125e+00
7.103196620941162109e+00
9.526989936828613281e+00
5.027214527130126953e+00
2.685020923614501953e+00
2.824096918106079102e+00
2.533357858657836914e+00
5.746687889099121094e+00
8.393259048461914062e+00
8.342859268188476562e+00
4.806945800781250000e+00
2.858072280883789062e+00
6.457985877990722656e+00
4.753252029418945312e+00
5.559943675994873047e+00
3.355621337890625000e+00
3.118828058242797852e+00
2.804432392120361328e+00
8.532214164733886719e+00
4.432014465332031250e+00
1.625082015991210938e+00
5.487065315246582031e+00
3.084087848663330078e+00
5.250547409057617188e+00
9.066665649414062500e+00
7.355146884918212891e+00
3.489133834838867188e+00
2.900523424148559570e+00
7.856201171875000000e+00
8.448413848876953125e+00
7.939614772796630859e+00
6.327401161193847656e+00
7.730293750762939453e+00
8.716686248779296875e+00
8.136655807495117188e+00
2.943781852722167969e+00
5.216534614562988281e+00
4.706442356109619141e+00
9.979057312011718750e+00
3.034599542617797852e+00
6.792633533477783203e+00
7.120157718658447266e+00
9.342757225036621094e+00
1.049785614013671875e+01
1.028866672515869141e+01
8.052573204040527344e+00
6.502178668975830078e+00
8.935410499572753906e+00
7.206526279449462891e+00
7.003119945526123047e+00
7.194571018218994141e+00
5.540292739868164062e+00
6.081030368804931641e+00
8.763754844665527344e+00
5.796671867370605469e+00
8.104557991027832031e+00
4.214321136474609375e+00
3.112360000610351562e+00
7.474287986755371094e+00
4.101569175720214844e+00
7.979389667510986328e+00
9.106619834899902344e+00
5.807364463806152344e+00
3.610406875610351562e+00
8.398822784423828125e+00
8.463165283203125000e+00
4.742254734039306641e+00
5.130429744720458984e+00
4.805780410766601562e+00
4.866946697235107422e+00
8.571812629699707031e+00
3.463549137115478516e+00
6.493500232696533203e+00
8.205883979797363281e+00
9.988096237182617188e+00
7.872776508331298828e+00
7.883388996124267578e+00
6.863903045654296875e+00
5.437513351440429688e+00
1.464484691619873047e+00
8.591259956359863281e+00
1.121812629699707031e+01
3.692575216293334961e+00
7.664207458496093750e+00
3.772587776184082031e+00
6.125335693359375000e+00
9.840501785278320312e+00
5.753436565399169922e+00
9.315043449401855469e+00
8.778211593627929688e+00
6.410324096679687500e+00
8.483018875122070312e+00
9.376050949096679688e+00
4.310910701751708984e+00
7.909226417541503906e+00
7.080668449401855469e+00
8.569746017456054688e+00
4.174230575561523438e+00
6.250782489776611328e+00
1.055174732208251953e+01
4.609921455383300781e+00
7.779679298400878906e+00
3.235487699508666992e+00
7.949940204620361328e+00
6.286036014556884766e+00
5.948394298553466797e+00
5.437781333923339844e+00
8.109445571899414062e+00
3.239985466003417969e+00
6.142732620239257812e+00
4.895132064819335938e+00
6.710699081420898438e+00
7.475396633148193359e+00
7.604381084442138672e+00
4.156466960906982422e+00
3.911864042282104492e+00
7.117768764495849609e+00
1.463069319725036621e+00
5.018436431884765625e+00
5.887103557586669922e+00
7.055446624755859375e+00
4.943141460418701172e+00
5.086433410644531250e+00
6.210000038146972656e+00
3.358408451080322266e+00
4.935842990875244141e+00
8.346559524536132812e+00
7.351642131805419922e+00
7.222510814666748047e+00
6.904152393341064453e+00
4.194206714630126953e+00
8.344844818115234375e+00
7.556685924530029297e+00
9.444397926330566406e+00
6.050374984741210938e+00
8.152856826782226562e+00
6.922460556030273438e+00
9.376246452331542969e+00
7.099854469299316406e+00
9.851804733276367188e+00
5.573590278625488281e+00
8.405447959899902344e+00
4.835872650146484375e+00
8.199279785156250000e+00
4.466929912567138672e+00
3.532990455627441406e+00
5.380086421966552734e+00
4.988954544067382812e+00
7.345456123352050781e+00
4.400334835052490234e+00
7.546006202697753906e+00
7.610184192657470703e+00
7.200804710388183594e+00
7.178970336914062500e+00
4.288674831390380859e+00
4.276650905609130859e+00
1.056226444244384766e+01
8.773824691772460938e+00
7.746363639831542969e+00
7.524295330047607422e+00
5.816102981567382812e+00
4.596053123474121094e+00
8.792663574218750000e+00
4.967143058776855469e+00
3.192142009735107422e+00
7.443813800811767578e+00
6.706337451934814453e+00
4.180934906005859375e+00
7.632681846618652344e+00
7.610721588134765625e+00
8.345119476318359375e+00
7.636764526367187500e+00
4.051215171813964844e+00
5.695323944091796875e+00
4.124393463134765625e+00
2.868127107620239258e+00
6.632404327392578125e+00
2.998663187026977539e+00
3.595254182815551758e+00
5.125065803527832031e+00
8.964008688926696777e-01
3.360741376876831055e+00
9.359266281127929688e+00
6.834871768951416016e+00
5.921937942504882812e+00
8.859043121337890625e+00
5.305597305297851562e+00
6.639554500579833984e+00
5.669998168945312500e+00
6.214502334594726562e+00
5.867560863494873047e+00
1.081809139251708984e+01
8.091275215148925781e+00
8.487379074096679688e+00
4.154523372650146484e+00
8.202423095703125000e+00
5.051857948303222656e+00
7.005746841430664062e+00
3.458146333694458008e+00
6.581806182861328125e+00
5.729426383972167969e+00
6.143982887268066406e+00
6.997673988342285156e+00
8.111546516418457031e+00
6.915987491607666016e+00
7.721393585205078125e+00
4.230191230773925781e+00
2.047240257263183594e+00
5.623797893524169922e+00
5.287406444549560547e+00
6.686234951019287109e+00
1.490116977691650391e+01
9.083265304565429688e+00
9.415451049804687500e+00
3.163700819015502930e+00
6.033847332000732422e+00
6.939960956573486328e+00
7.269404411315917969e+00
5.084284305572509766e+00
5.546754360198974609e+00
5.534830093383789062e+00
1.004197597503662109e+01
7.346144199371337891e+00
7.141176223754882812e+00
4.443614959716796875e+00
7.878409385681152344e+00
8.567011833190917969e+00
9.711191177368164062e+00
8.948565483093261719e+00
6.177919864654541016e+00
5.766818523406982422e+00
8.392324447631835938e+00
6.319541454315185547e+00
3.142548084259033203e+00
5.449661731719970703e+00
7.739454269409179688e+00
6.386838912963867188e+00
7.925388813018798828e+00
5.464298248291015625e+00
4.977399826049804688e+00
9.747028350830078125e+00
5.694433212280273438e+00
4.574677944183349609e+00
7.824516773223876953e+00
8.015126228332519531e+00
7.062174797058105469e+00
2.537975549697875977e+00
7.527570247650146484e+00
6.267879486083984375e+00
4.499594211578369141e+00
5.466219425201416016e+00
6.448948860168457031e+00
7.805659294128417969e+00
7.785024166107177734e+00
2.808582782745361328e+00
5.741778850555419922e+00
6.535999298095703125e+00
8.366631507873535156e+00
1.604770898818969727e+00
7.705600738525390625e+00
6.861775398254394531e+00
6.629728794097900391e+00
7.303613662719726562e+00
6.963879585266113281e+00
8.742490768432617188e+00
9.822834014892578125e+00
2.990635156631469727e+00
2.134927988052368164e+00
7.332921504974365234e+00
9.094202995300292969e+00
5.076251983642578125e+00
7.643265247344970703e+00
7.384653091430664062e+00
9.529912948608398438e+00
2.777808427810668945e+00
6.274770259857177734e+00
2.417313575744628906e+00
8.205488204956054688e+00
7.035684108734130859e+00
6.472475051879882812e+00
7.978309154510498047e+00
1.523138642311096191e+00
7.884688854217529297e+00
3.469206094741821289e+00
5.546229362487792969e+00
1.062757205963134766e+01
6.456089496612548828e+00
5.660162925720214844e+00
6.501139163970947266e+00
4.170157909393310547e+00
2.054928064346313477e+00
1.051498413085937500e+01
8.643840789794921875e+00
1.787925720214843750e+00
7.063670158386230469e+00
6.893444538116455078e+00
5.097579002380371094e+00
3.236974954605102539e+00
6.585359096527099609e+00
5.520570755004882812e+00
7.269864082336425781e+00
8.477232933044433594e+00
6.539166450500488281e+00
5.736291885375976562e+00
3.938863992691040039e+00
1.043455314636230469e+01
9.137298583984375000e+00
3.868018627166748047e+00
9.189386367797851562e+00
8.016459465026855469e+00
6.222048282623291016e+00
7.674059867858886719e+00
7.208404541015625000e+00
7.718234062194824219e+00
1.096101188659667969e+01
4.702231884002685547e+00
6.012115478515625000e+00
5.781751155853271484e+00
3.961901426315307617e+00
7.319597244262695312e+00
6.104339599609375000e+00
6.372359275817871094e+00
9.145501136779785156e+00
9.034179687500000000e+00
4.812595367431640625e+00
8.213421821594238281e+00
8.659148216247558594e+00
7.496341228485107422e+00
4.339385986328125000e+00
5.535625457763671875e+00
7.005608558654785156e+00
6.298013687133789062e+00
6.955420017242431641e+00
7.647298336029052734e+00
6.765784263610839844e+00
6.249588966369628906e+00
9.203145027160644531e+00
7.923849105834960938e+00
7.941327095031738281e+00
5.053985595703125000e+00
7.962692737579345703e+00
6.278366088867187500e+00
6.076944351196289062e+00
8.755976676940917969e+00
8.948549270629882812e+00
1.032275581359863281e+01
7.368384361267089844e+00
9.935956001281738281e+00
6.749112129211425781e+00
7.952130317687988281e+00
4.657420635223388672e+00
2.782382011413574219e+00
7.688755989074707031e+00
2.465248584747314453e+00
8.677830696105957031e+00
7.587719917297363281e+00
7.326784133911132812e+00
7.017055988311767578e+00
6.765721797943115234e+00
7.807429313659667969e+00
2.055922031402587891e+00
4.453850269317626953e+00
8.604097366333007812e+00
6.899721622467041016e+00
6.140248298645019531e+00
9.237785339355468750e+00
5.968863964080810547e+00
7.891292095184326172e+00
8.304930686950683594e+00
5.085178852081298828e+00
7.099763870239257812e+00
7.280874729156494141e+00
9.236760139465332031e+00
6.028992652893066406e+00
