3.563326644897460938e+01
3.108161211013793945e+00
1.647582650184631348e+00
3.693944549560546875e+01
1.049310111999511719e+01
5.129450988769531250e+01
6.702887725830078125e+01
1.269247627258300781e+01
2.646982192993164062e+01
2.085342597961425781e+01
9.000398254394531250e+01
9.001602172851562500e+01
1.575044536590576172e+01
9.490642547607421875e+01
6.175575637817382812e+01
1.540530681610107422e+00
9.001567077636718750e+01
3.825215911865234375e+01
9.949377059936523438e+00
5.592893123626708984e+00
1.350374794006347656e+01
1.698237037658691406e+01
3.719207048416137695e+00
1.789483642578125000e+02
9.415006637573242188e+00
1.710795135498046875e+02
1.038460922241210938e+01
8.311157226562500000e+00
8.992151260375976562e+00
5.040494918823242188e+00
9.013066101074218750e+01
9.009799194335937500e+01
1.123153152465820312e+02
2.121040344238281250e+01
1.567729234695434570e+00
9.513246917724609375e+01
7.922884821891784668e-01
1.741672058105468750e+02
8.897087097167968750e+00
4.639794349670410156e+00
3.351796722412109375e+01
3.343609619140625000e+01
6.345882415771484375e+00
1.202365589141845703e+01
9.000139617919921875e+01
9.000014495849609375e+01
9.774501800537109375e+01
1.238083362579345703e+01
1.312693119049072266e+01
2.283030700683593750e+01
2.040550994873046875e+01
2.680676460266113281e+01
9.004029846191406250e+01
9.011293029785156250e+01
5.580390167236328125e+01
3.009761810302734375e+01
3.734930801391601562e+01
9.041233825683593750e+01
5.276051330566406250e+01
9.082312011718750000e+01
1.162499465942382812e+02
2.570431327819824219e+01
1.766215972900390625e+02
9.000001525878906250e+01
9.001757049560546875e+01
2.422191810607910156e+01
3.612270593643188477e+00
9.020873260498046875e+01
1.695344352722167969e+01
3.452371597290039062e+01
1.921711158752441406e+01
4.733211898803710938e+01
1.231459045410156250e+01
1.615328369140625000e+02
4.921791458129882812e+01
3.128750801086425781e+01
2.688562202453613281e+01
9.000234985351562500e+01
9.809872436523437500e+01
9.000012969970703125e+01
1.101773147583007812e+02
9.002661132812500000e+01
4.361548995971679688e+01
3.505763292312622070e+00
1.637106513977050781e+01
9.001387786865234375e+01
9.000131988525390625e+01
9.008949279785156250e+01
9.000456237792968750e+01
1.339984893798828125e+02
3.736396408081054688e+01
9.000380706787109375e+01
9.005872344970703125e+01
2.388531112670898438e+01
2.108245086669921875e+01
4.827832698822021484e+00
9.812496185302734375e+00
9.010459899902343750e+01
2.992265701293945312e+01
9.493041229248046875e+01
1.494440460205078125e+01
2.569279861450195312e+01
7.111719512939453125e+01
3.645834350585937500e+01
9.005587768554687500e+01
9.000101470947265625e+01
1.004408359527587891e+01
7.206826210021972656e+00
9.003148651123046875e+01
9.527582550048828125e+01
9.021173095703125000e+01
8.854324340820312500e+00
1.274936199188232422e+01
5.157461166381835938e+00
9.037158966064453125e+01
9.000468444824218750e+01
2.126148700714111328e+00
9.001555633544921875e+01
7.645343303680419922e+00
9.006594085693359375e+01
9.009619903564453125e+01
9.003404235839843750e+01
2.977074241638183594e+01
9.042433166503906250e+01
1.415999031066894531e+01
9.025154876708984375e+01
1.022569122314453125e+02
9.001696014404296875e+01
9.001173400878906250e+01
1.506691455841064453e+01
2.794223403930664062e+01
6.928653717041015625e+01
4.845629501342773438e+01
9.004199218750000000e+01
3.284720993041992188e+01
6.386342239379882812e+01
9.000135803222656250e+01
7.365964508056640625e+01
7.500446319580078125e+01
4.515473175048828125e+01
3.330440521240234375e+01
9.006597137451171875e+01
1.089908695220947266e+01
5.407474994659423828e+00
9.019096374511718750e+01
8.011823272705078125e+01
2.562113571166992188e+01
9.010140228271484375e+01
1.096621608734130859e+01
2.495213127136230469e+01
1.937102890014648438e+01
2.248970413208007812e+01
9.006643676757812500e+01
9.003872680664062500e+01
2.337225723266601562e+01
5.070564270019531250e+01
9.004803466796875000e+01
9.001894378662109375e+01
9.003520202636718750e+01
9.004169464111328125e+01
9.000218200683593750e+01
2.296298789978027344e+01
7.534994602203369141e+00
9.001750946044921875e+01
2.868278884887695312e+01
2.547558975219726562e+01
9.000366973876953125e+01
3.513774871826171875e+01
9.000815582275390625e+01
3.153573417663574219e+01
4.939512729644775391e+00
2.068692016601562500e+01
9.000775909423828125e+01
7.408625793457031250e+01
9.132735252380371094e+00
2.442125892639160156e+01
3.471077442169189453e+00
1.057931041717529297e+01
2.225534820556640625e+01
1.089623641967773438e+02
8.521630096435546875e+01
4.143945693969726562e+01
4.827021598815917969e+00
4.453184509277343750e+01
2.926968955993652344e+01
1.020974197387695312e+02
8.967375183105468750e+01
2.640830612182617188e+01
2.008269309997558594e+01
2.175828695297241211e+00
5.359627151489257812e+01
5.552801132202148438e+01
1.586373233795166016e+01
2.536471748352050781e+01
1.596868705749511719e+01
9.005092620849609375e+01
3.283815765380859375e+01
7.316627025604248047e+00
1.074008178710937500e+01
9.005436706542968750e+01
1.397945251464843750e+02
3.036799669265747070e+00
9.670767974853515625e+01
9.000804138183593750e+01
1.469790496826171875e+02
5.128144073486328125e+01
9.000078582763671875e+01
1.362441864013671875e+02
9.000512695312500000e+01
2.166415214538574219e+01
1.049107551574707031e+01
2.460599327087402344e+01
3.340470886230468750e+01
1.025005035400390625e+02
9.001109313964843750e+01
7.985368347167968750e+01
1.025806350708007812e+02
8.004634094238281250e+01
8.769747161865234375e+01
9.001815032958984375e+01
9.095637512207031250e+01
1.421155166625976562e+01
1.049814834594726562e+02
9.032553100585937500e+01
9.010789489746093750e+01
9.000705718994140625e+01
3.588072586059570312e+01
2.300356626510620117e+00
2.062034845352172852e+00
6.185420036315917969e+00
9.033174133300781250e+01
2.501248550415039062e+01
2.834076309204101562e+01
9.000012207031250000e+01
3.352897262573242188e+01
9.063198852539062500e+01
7.602820396423339844e+00
1.729275512695312500e+02
9.741827964782714844e+00
1.361837005615234375e+01
9.002354431152343750e+01
6.408298492431640625e+00
1.394986724853515625e+02
1.520700836181640625e+01
3.554286193847656250e+01
2.483554649353027344e+01
9.003848266601562500e+01
9.012205505371093750e+01
2.034163093566894531e+01
1.979814529418945312e+01
3.570994949340820312e+01
2.359417915344238281e+01
9.493192291259765625e+01
4.391816711425781250e+01
1.611092376708984375e+01
9.022641754150390625e+01
2.485809135437011719e+01
1.259853363037109375e+01
6.522816181182861328e+00
7.425974845886230469e+00
2.215760231018066406e+00
1.121006298065185547e+01
3.967152023315429688e+01
9.000552368164062500e+01
2.898717308044433594e+01
9.000012969970703125e+01
2.976508855819702148e+00
2.065952682495117188e+01
7.599927902221679688e+00
1.030198287963867188e+01
6.322047233581542969e+00
2.929464340209960938e+01
3.384055328369140625e+01
2.367351913452148438e+01
3.942050552368164062e+01
9.000576019287109375e+01
9.000276947021484375e+01
9.005155181884765625e+01
3.144606208801269531e+01
9.067099761962890625e+01
2.049472999572753906e+01
1.800000000000000000e+02
1.107682704925537109e+01
5.730161285400390625e+01
2.012378883361816406e+01
9.022262573242187500e+01
8.974387645721435547e-01
9.022319793701171875e+01
9.009835052490234375e+01
2.454539299011230469e+01
8.680949401855468750e+01
9.000363159179687500e+01
6.679317951202392578e+00
1.527338256835937500e+02
9.557321166992187500e+01
5.060041809082031250e+01
3.167023086547851562e+01
4.799426269531250000e+01
9.336239624023437500e+01
8.037779998779296875e+01
1.051707744598388672e+01
5.229101181030273438e+01
2.815277481079101562e+01
9.014484405517578125e+01
7.055300235748291016e+00
8.333429336547851562e+00
4.146331787109375000e+00
9.009293365478515625e+01
1.800000000000000000e+02
1.881596565246582031e+01
9.001063537597656250e+01
9.000847625732421875e+01
9.013301086425781250e+01
9.000693511962890625e+01
9.575120544433593750e+01
9.567223358154296875e+01
4.182373809814453125e+01
9.003623199462890625e+01
2.191458320617675781e+01
2.262339019775390625e+01
6.318448543548583984e+00
1.438652133941650391e+01
6.767367553710937500e+01
9.004611968994140625e+01
9.021540832519531250e+01
1.078645801544189453e+01
9.000199127197265625e+01
3.800348520278930664e+00
2.791408920288085938e+01
5.804994964599609375e+01
2.938634872436523438e+01
9.390328216552734375e+01
1.490544891357421875e+01
1.442017974853515625e+02
9.006997680664062500e+01
9.074055480957031250e+01
2.953781318664550781e+01
2.965374755859375000e+01
9.339453125000000000e+01
2.396236801147460938e+01
1.424270324707031250e+02
9.021634674072265625e+01
5.330319595336914062e+01
5.883807754516601562e+01
3.898726701736450195e+00
1.327257995605468750e+02
3.335189342498779297e+00
3.607999420166015625e+01
2.122959327697753906e+01
2.655533790588378906e+01
6.906320953369140625e+01
5.751865768432617188e+01
9.000061035156250000e+01
9.099713325500488281e+00
9.054662322998046875e+01
9.017331695556640625e+01
1.533808517456054688e+01
9.019606018066406250e+01
9.007559204101562500e+01
4.473695755004882812e+00
9.487596893310546875e+01
4.203432464599609375e+01
2.036639213562011719e+01
9.002048492431640625e+01
3.566625976562500000e+01
1.109512042999267578e+01
9.000660705566406250e+01
1.705938696861267090e+00
2.750507593154907227e+00
2.926232576370239258e+00
2.681958770751953125e+01
3.323221588134765625e+01
4.963211059570312500e+01
3.153236389160156250e+01
9.876931190490722656e+00
9.711498260498046875e+01
6.121893882751464844e+00
1.336735534667968750e+02
6.962044239044189453e+00
7.103405475616455078e+00
2.183564758300781250e+01
9.003250885009765625e+01
9.124642372131347656e+00
1.451992893218994141e+01
2.374194526672363281e+01
4.895209312438964844e+00
3.563153505325317383e+00
3.511343717575073242e+00
9.000325775146484375e+01
3.402372360229492188e+00
9.000236511230468750e+01
1.103580951690673828e+00
9.001055908203125000e+01
9.000148010253906250e+01
7.410187530517578125e+01
9.002366638183593750e+01
1.587382221221923828e+01
2.403684425354003906e+01
1.165426559448242188e+02
1.634225249290466309e+00
9.000025939941406250e+01
1.980318641662597656e+01
7.586579895019531250e+01
3.237609100341796875e+01
1.182231807708740234e+01
9.147054672241210938e+00
1.375700569152832031e+01
9.028549957275390625e+01
3.836243438720703125e+01
9.000126647949218750e+01
1.896616935729980469e+01
2.291525459289550781e+01
1.780704498291015625e+02
1.794439849853515625e+02
1.201315975189208984e+01
3.041180133819580078e+00
9.000026702880859375e+01
4.620110702514648438e+01
1.267545986175537109e+01
1.155154418945312500e+02
9.000678253173828125e+01
9.908740234375000000e+01
3.494923019409179688e+01
3.295224761962890625e+01
1.344268188476562500e+02
3.722364425659179688e+00
4.297834014892578125e+01
2.125572395324707031e+01
9.020368957519531250e+01
8.224998474121093750e+00
1.644268951416015625e+02
1.352677726745605469e+01
9.000001525878906250e+01
3.539777994155883789e+00
1.025727748870849609e+01
1.279542636871337891e+01
3.847004699707031250e+01
8.471088409423828125e+00
8.071662139892578125e+01
2.192929267883300781e+01
9.002133178710937500e+01
9.052057647705078125e+01
1.489973640441894531e+01
9.001643371582031250e+01
2.100690269470214844e+01
1.377440071105957031e+01
9.073705291748046875e+01
9.011351776123046875e+01
9.003751373291015625e+01
9.003124237060546875e+01
9.003374481201171875e+01
1.386346588134765625e+02
1.560469970703125000e+02
6.094262313842773438e+01
9.015316009521484375e+01
9.135916137695312500e+01
1.536334228515625000e+01
3.371714401245117188e+01
9.001058959960937500e+01
9.520185470581054688e+00
6.330538749694824219e+00
9.000038909912109375e+01
1.108062438964843750e+02
8.763426780700683594e+00
2.732924270629882812e+01
9.008547210693359375e+01
5.973302364349365234e+00
4.845511627197265625e+01
6.154781341552734375e+01
1.333866310119628906e+01
9.000648498535156250e+01
9.005951690673828125e+01
9.114675140380859375e+01
6.778247070312500000e+01
9.002399444580078125e+01
5.896395874023437500e+01
1.320268988609313965e+00
9.001335906982421875e+01
2.875486612319946289e+00
7.061970233917236328e+00
1.421722602844238281e+01
1.628057861328125000e+01
9.038041687011718750e+01
7.675369739532470703e+00
9.001287841796875000e+01
9.005001068115234375e+01
9.000738525390625000e+01
9.006956481933593750e+01
9.001362609863281250e+01
9.002326202392578125e+01
8.679372787475585938e+00
9.000080871582031250e+01
9.030544281005859375e+01
7.595278739929199219e+00
4.336392402648925781e+00
9.000762176513671875e+01
2.239018058776855469e+01
9.007590484619140625e+01
9.005953979492187500e+01
8.951946258544921875e+00
9.031949615478515625e+01
8.999998474121093750e+01
3.236437988281250000e+01
9.003133392333984375e+01
1.800000000000000000e+02
1.842034912109375000e+01
7.647191524505615234e+00
1.330412864685058594e+01
9.000019836425781250e+01
9.004586029052734375e+01
1.201270008087158203e+01
4.826128482818603516e+00
9.000116729736328125e+01
3.126206588745117188e+01
1.089312286376953125e+02
1.902486205101013184e+00
1.433361816406250000e+01
9.007028961181640625e+01
9.994893074035644531e+00
1.922895431518554688e+01
9.000736236572265625e+01
3.980543375015258789e+00
9.001037597656250000e+01
1.136267566680908203e+01
1.032067966461181641e+01
2.480658531188964844e+01
9.002298736572265625e+01
9.000263214111328125e+01
9.035199737548828125e+01
3.312707901000976562e+01
9.017823028564453125e+01
2.036299705505371094e+01
9.049649810791015625e+01
2.079883193969726562e+01
1.334203815460205078e+01
8.827065277099609375e+01
1.050070648193359375e+02
9.005463409423828125e+01
2.349354934692382812e+01
2.594730186462402344e+01
2.609399604797363281e+01
9.000342559814453125e+01
1.648678970336914062e+01
9.000222015380859375e+01
9.001696777343750000e+01
1.545184326171875000e+02
9.265147399902343750e+01
1.762413024902343750e+01
3.520699262619018555e+00
9.006999969482421875e+01
9.000350952148437500e+01
9.008666229248046875e+01
3.446576690673828125e+01
6.242589473724365234e+00
9.001359558105468750e+01
1.265521240234375000e+01
9.012140655517578125e+01
1.652537384033203125e+02
2.445274353027343750e+01
1.488272666931152344e+01
8.276848602294921875e+01
1.550155043601989746e+00
3.731925725936889648e+00
1.420314598083496094e+01
9.002626037597656250e+01
9.050817108154296875e+01
4.784925079345703125e+01
9.073242187500000000e+01
2.320012331008911133e+00
9.053159332275390625e+01
9.010889434814453125e+01
2.398333168029785156e+01
4.292467880249023438e+01
9.000106811523437500e+01
6.663973808288574219e+00
1.759230651855468750e+02
5.434967803955078125e+01
4.872921752929687500e+01
5.952262401580810547e+00
9.001040649414062500e+01
4.765462875366210938e+01
9.000371551513671875e+01
9.000425720214843750e+01
1.425782775878906250e+01
9.000372314453125000e+01
6.267156219482421875e+01
9.043231201171875000e+01
9.011482238769531250e+01
8.616960525512695312e+00
9.000047302246093750e+01
1.310093078613281250e+02
2.973713111877441406e+01
2.149055290222167969e+01
5.037617683410644531e+00
7.971122741699218750e+00
9.093130493164062500e+01
1.662089347839355469e+01
2.185016822814941406e+01
9.000000000000000000e+01
1.440226745605468750e+02
5.367391586303710938e+00
9.007614135742187500e+01
1.149039993286132812e+02
7.493962860107421875e+01
2.083938360214233398e+00
1.161662578582763672e+01
2.143442153930664062e+01
9.004711914062500000e+01
9.022522735595703125e+01
9.029927825927734375e+01
9.065337371826171875e+01
9.015429687500000000e+01
9.021076202392578125e+01
9.004974365234375000e+01
3.363116073608398438e+01
1.056613845825195312e+02
1.576911163330078125e+02
2.895588302612304688e+01
2.291370964050292969e+01
9.006964111328125000e+01
9.000878143310546875e+01
3.258762359619140625e+01
8.610207366943359375e+01
1.453398036956787109e+01
9.000131988525390625e+01
1.883518409729003906e+01
2.115258693695068359e+00
1.298488712310791016e+01
3.428417587280273438e+01
3.386568784713745117e+00
3.438851928710937500e+01
4.424136734008789062e+01
9.000000000000000000e+01
2.964129257202148438e+01
9.000596618652343750e+01
9.000229644775390625e+01
3.521966552734375000e+01
1.529205226898193359e+01
9.113340759277343750e+01
7.628280639648437500e+00
9.004464721679687500e+01
9.000677490234375000e+01
1.472783813476562500e+02
2.248720359802246094e+01
9.035408020019531250e+01
9.009223937988281250e+01
1.615256347656250000e+02
9.064602661132812500e+01
2.773759269714355469e+01
1.295191040039062500e+02
7.195820331573486328e+00
1.289340686798095703e+01
5.169452190399169922e+00
4.188344955444335938e+00
1.359929847717285156e+01
9.036508178710937500e+01
2.624970245361328125e+01
4.203560829162597656e+00
9.002742767333984375e+01
9.000522613525390625e+01
6.798531341552734375e+01
4.064229202270507812e+01
4.018894577026367188e+01
3.894203901290893555e+00
9.796010017395019531e+00
9.032029724121093750e+01
2.336736869812011719e+01
3.503316497802734375e+01
9.031422424316406250e+01
3.252319717407226562e+01
5.466427230834960938e+01
2.335483789443969727e+00
2.332103538513183594e+01
9.127488708496093750e+01
3.362852096557617188e+01
1.604956665039062500e+02
9.108294677734375000e+01
9.022055816650390625e+01
3.478293991088867188e+01
8.029277801513671875e+00
1.641569137573242188e+01
7.671717834472656250e+01
9.002368164062500000e+01
9.157588958740234375e+01
1.402034454345703125e+02
9.039614105224609375e+01
5.766942024230957031e+00
8.512578010559082031e+00
2.310675430297851562e+01
6.612982177734375000e+01
1.581583595275878906e+01
5.188069534301757812e+01
1.708287239074707031e+01
9.205472564697265625e+01
2.453038215637207031e+00
3.332370042800903320e+00
4.853905105590820312e+01
8.986549377441406250e+01
1.800000000000000000e+02
9.011649322509765625e+01
3.253636932373046875e+01
1.120092391967773438e+01
1.041279983520507812e+02
9.000460815429687500e+01
9.000000762939453125e+01
9.005328369140625000e+01
1.847840499877929688e+01
1.516534233093261719e+01
1.548652839660644531e+01
4.874572372436523438e+01
9.000354766845703125e+01
9.031150817871093750e+01
2.000513267517089844e+01
1.776545143127441406e+01
2.979950714111328125e+01
1.686547470092773438e+01
1.704185638427734375e+02
9.038077545166015625e+01
1.073854255676269531e+01
9.002008819580078125e+01
1.984278297424316406e+01
2.178579139709472656e+01
9.060743713378906250e+01
1.704297256469726562e+01
1.746898345947265625e+02
9.130240631103515625e+01
9.503040313720703125e+01
5.044824218750000000e+01
9.009858703613281250e+01
1.574677276611328125e+01
9.038142395019531250e+01
9.002113342285156250e+01
9.072906494140625000e+01
1.447642364501953125e+02
9.030796813964843750e+01
9.005878448486328125e+01
8.508885383605957031e+00
5.338251590728759766e+00
3.094046020507812500e+01
1.696976165771484375e+02
6.821678638458251953e+00
1.841431617736816406e+00
6.150328636169433594e+00
2.783774566650390625e+01
1.227414226531982422e+01
9.058029937744140625e+01
1.179989433288574219e+01
1.083314514160156250e+01
9.002780914306640625e+01
5.633812427520751953e+00
3.246669387817382812e+01
9.994020080566406250e+01
2.608885574340820312e+01
9.027767181396484375e+01
2.026718902587890625e+01
9.011961364746093750e+01
9.079963684082031250e+01
2.274654769897460938e+01
1.510307884216308594e+01
9.010026550292968750e+01
2.402616310119628906e+01
3.481657028198242188e+01
1.510254144668579102e+00
8.011706542968750000e+01
5.628931427001953125e+01
2.399097633361816406e+01
3.561612319946289062e+01
1.811867523193359375e+01
4.751925468444824219e+00
8.571971893310546875e+01
8.679903411865234375e+01
2.704554176330566406e+01
4.044603729248046875e+01
1.110891819000244141e+01
5.545608901977539062e+01
5.158220291137695312e+00
9.005516052246093750e+01
1.803697013854980469e+01
3.361351776123046875e+01
9.000118255615234375e+01
1.357993888854980469e+01
9.006732177734375000e+01
1.506762504577636719e+01
1.250518989562988281e+01
2.899537658691406250e+01
9.333657264709472656e+00
1.071999588012695312e+02
1.059063434600830078e+00
9.165295410156250000e+01
2.042964220046997070e+00
1.329115200042724609e+01
3.146377182006835938e+01
2.156918907165527344e+01
4.063100814819335938e+01
9.005220031738281250e+01
1.368767700195312500e+02
1.061570053100585938e+02
3.591726684570312500e+01
5.846803665161132812e+00
2.142288446426391602e+00
1.276411724090576172e+01
6.754026031494140625e+01
1.226285934448242188e+01
1.365990638732910156e+01
9.623522949218750000e+01
3.291915512084960938e+01
1.155960369110107422e+01
9.001510620117187500e+01
9.000311279296875000e+01
