8.377037197351455688e-02
2.460495382547378540e-02
5.123215913772583008e-02
1.730168052017688751e-02
2.939247153699398041e-02
6.952063739299774170e-02
9.491439908742904663e-02
5.670404061675071716e-02
5.485219880938529968e-03
4.139956459403038025e-02
4.665569961071014404e-02
2.124677225947380066e-02
3.677598759531974792e-02
1.756207458674907684e-02
2.490099705755710602e-02
4.816648736596107483e-02
5.342562124133110046e-02
6.935525685548782349e-02
4.575441777706146240e-02
2.093587629497051239e-02
2.367588132619857788e-02
3.130384162068367004e-02
1.308259926736354828e-02
3.100023418664932251e-02
5.545567721128463745e-02
1.110273003578186035e-01
4.762952029705047607e-02
1.781375147402286530e-02
2.912566438317298889e-02
1.657868549227714539e-02
4.254116490483283997e-02
1.271735280752182007e-01
3.565898537635803223e-02
4.466397315263748169e-02
5.464993789792060852e-02
1.864050328731536865e-02
5.375277623534202576e-02
8.691132813692092896e-02
4.249883443117141724e-02
5.097118020057678223e-02
2.103998139500617981e-02
3.422021493315696716e-02
3.581009060144424438e-02
6.796411424875259399e-02
2.281383983790874481e-02
1.997445337474346161e-02
2.891466766595840454e-02
5.634265393018722534e-02
3.158839419484138489e-02
3.143138065934181213e-02
3.862562030553817749e-02
6.665409356355667114e-02
1.495887525379657745e-02
7.142126560211181641e-02
2.492055483162403107e-02
3.725490346550941467e-02
3.068649396300315857e-02
4.885102808475494385e-02
1.177341770380735397e-02
9.346649982035160065e-03
3.227928653359413147e-02
5.961196497082710266e-02
3.765597939491271973e-02
9.159202873706817627e-02
7.532820850610733032e-02
4.507884755730628967e-02
3.956884518265724182e-02
1.026089489459991455e-01
1.092079374939203262e-02
5.171134695410728455e-02
7.471021264791488647e-02
1.898656412959098816e-02
4.025942087173461914e-02
3.153716772794723511e-02
5.190060287714004517e-02
8.849853277206420898e-02
6.235960870981216431e-02
5.572457984089851379e-02
3.305444866418838501e-02
1.824990101158618927e-02
3.184160217642784119e-02
2.820743806660175323e-02
8.325728029012680054e-02
2.785470336675643921e-02
7.185581326484680176e-02
5.370643734931945801e-02
2.515877224504947662e-02
2.055872604250907898e-02
4.581369832158088684e-02
6.282909959554672241e-02
5.111635476350784302e-02
4.323076829314231873e-02
2.633238583803176880e-02
2.893526852130889893e-02
3.049430996179580688e-02
3.134429827332496643e-02
6.223397701978683472e-02
1.039706021547317505e-01
3.278315439820289612e-02
4.188008606433868408e-02
4.651287198066711426e-02
2.483664080500602722e-02
3.136941790580749512e-02
8.601203560829162598e-02
1.022672057151794434e-01
6.782186683267354965e-03
7.984097115695476532e-03
5.820783600211143494e-02
6.773699074983596802e-02
7.975675910711288452e-02
4.454085603356361389e-02
3.808866813778877258e-02
3.066062182188034058e-02
3.459069132804870605e-02
5.587552115321159363e-02
2.449989691376686096e-02
2.247685939073562622e-02
4.070423543453216553e-02
9.764259308576583862e-02
1.247843280434608459e-01
5.960603430867195129e-02
1.244849637150764465e-01
3.220134228467941284e-02
4.230483248829841614e-02
3.230652213096618652e-02
5.280251801013946533e-02
2.836141362786293030e-02
5.730085447430610657e-02
2.327538281679153442e-02
3.016166202723979950e-02
5.725356936454772949e-02
3.573174029588699341e-02
1.212853416800498962e-01
6.710098683834075928e-02
2.892962470650672913e-02
3.614293411374092102e-02
1.076117679476737976e-01
2.393873594701290131e-02
2.033150568604469299e-02
2.957064285874366760e-02
2.866083383560180664e-02
5.547095090150833130e-02
4.907127097249031067e-02
6.602939963340759277e-02
1.003459617495536804e-01
7.103652507066726685e-02
2.456253208220005035e-02
2.281465753912925720e-02
6.044305860996246338e-02
3.438514843583106995e-02
2.970606647431850433e-02
1.051023509353399277e-02
2.757561393082141876e-02
9.649743884801864624e-02
3.032547049224376678e-02
2.336886897683143616e-02
1.622518524527549744e-02
3.041392192244529724e-02
6.423956155776977539e-02
3.600607067346572876e-02
1.255457568913698196e-02
6.764099467545747757e-03
3.338595479726791382e-02
1.787537522614002228e-02
3.413251787424087524e-02
3.851215541362762451e-02
4.233873635530471802e-02
2.120332978665828705e-02
7.622434198856353760e-02
5.056899040937423706e-02
1.451014447957277298e-02
3.584347665309906006e-02
4.921595007181167603e-02
5.418199300765991211e-02
3.917324915528297424e-02
3.660318627953529358e-02
2.982263453304767609e-02
2.227851934731006622e-02
4.719223082065582275e-02
2.033421769738197327e-02
4.346736147999763489e-02
6.944843381643295288e-02
4.771685227751731873e-02
3.733161464333534241e-02
1.069608982652425766e-02
8.201371878385543823e-02
5.359818041324615479e-02
3.323045372962951660e-02
2.920866385102272034e-02
2.128073945641517639e-02
3.292580693960189819e-02
9.271221607923507690e-02
3.300474956631660461e-02
2.003243006765842438e-02
2.484176680445671082e-02
4.744649678468704224e-02
1.566291227936744690e-02
2.396879531443119049e-02
2.049966715276241302e-02
1.760561205446720123e-02
1.194861829280853271e-01
2.822235599160194397e-02
5.461593717336654663e-02
2.108896523714065552e-02
3.731676563620567322e-02
3.535976633429527283e-02
2.784609794616699219e-02
6.074642390012741089e-02
8.203835785388946533e-02
2.284017577767372131e-02
4.814132302999496460e-02
5.265871807932853699e-02
3.020463511347770691e-02
3.908738121390342712e-02
1.733902841806411743e-02
5.249996110796928406e-02
5.454715713858604431e-02
2.440440654754638672e-02
1.422840505838394165e-01
4.533174633979797363e-02
1.514615714550018311e-01
2.911200933158397675e-02
1.382876839488744736e-02
1.507473737001419067e-01
3.504000604152679443e-02
5.884507298469543457e-02
7.422834634780883789e-02
2.981537766754627228e-02
1.976314745843410492e-02
5.024814978241920471e-02
5.631142109632492065e-02
1.120675057172775269e-01
6.045112386345863342e-02
5.193009972572326660e-02
2.719254046678543091e-02
8.232365548610687256e-02
2.477100118994712830e-02
8.448384702205657959e-02
9.851628914475440979e-03
1.593270525336265564e-02
6.102795153856277466e-02
2.435396797955036163e-02
7.628175616264343262e-02
4.432322457432746887e-02
1.395307928323745728e-01
7.314766943454742432e-02
5.891634151339530945e-02
3.410883620381355286e-02
6.082684174180030823e-02
6.593023985624313354e-02
2.168487012386322021e-02
4.202368482947349548e-02
3.180561214685440063e-02
2.729517221450805664e-02
9.367538243532180786e-02
6.479803472757339478e-02
4.800479114055633545e-02
5.871968343853950500e-03
2.197541296482086182e-02
5.208609998226165771e-02
3.751157224178314209e-02
1.115464698523283005e-02
2.904345653951168060e-02
6.427139043807983398e-02
1.083692908287048340e-01
5.419975146651268005e-02
3.668262436985969543e-02
2.623899653553962708e-02
3.992289304733276367e-02
4.223459213972091675e-02
2.365841157734394073e-02
6.837002187967300415e-02
2.411686815321445465e-02
2.344482392072677612e-02
8.508342504501342773e-02
3.746353089809417725e-02
3.942381218075752258e-02
4.224940761923789978e-02
7.250577956438064575e-02
1.259818077087402344e-01
5.136931687593460083e-02
3.878232464194297791e-02
1.255261152982711792e-02
4.018029570579528809e-02
2.426924742758274078e-02
7.122346758842468262e-02
7.042463868856430054e-03
7.582154124975204468e-02
3.127384930849075317e-02
5.470375716686248779e-02
1.538053993135690689e-02
4.913332313299179077e-02
2.333569526672363281e-02
1.355774700641632080e-01
4.521832987666130066e-02
2.580156736075878143e-02
2.376651950180530548e-02
2.549057640135288239e-02
1.189185008406639099e-01
2.607124671339988708e-02
4.255186393857002258e-02
2.871933579444885254e-02
8.153236657381057739e-02
4.968313127756118774e-02
4.986029490828514099e-02
3.572174161672592163e-02
8.843792229890823364e-02
4.681794345378875732e-02
3.683104366064071655e-02
3.083182126283645630e-02
4.576567560434341431e-02
1.766677945852279663e-02
7.897814363241195679e-02
2.768041938543319702e-02
4.449088126420974731e-02
4.027242213487625122e-02
7.992115616798400879e-02
4.705795645713806152e-02
1.651786081492900848e-02
3.519871830940246582e-02
2.346281893551349640e-02
1.630955561995506287e-02
2.804702706634998322e-02
5.194998160004615784e-02
2.402695454657077789e-02
1.764823123812675476e-02
3.698262572288513184e-02
3.399468213319778442e-02
5.667015165090560913e-02
7.996137440204620361e-02
3.821430727839469910e-02
5.712701380252838135e-02
6.118296086788177490e-02
5.557538196444511414e-02
3.475585952401161194e-02
1.592997647821903229e-02
2.534234896302223206e-02
3.405459225177764893e-02
6.672771275043487549e-02
3.813635185360908508e-02
7.852858304977416992e-02
6.029896810650825500e-02
6.846033781766891479e-02
4.563967138528823853e-02
8.054535090923309326e-02
5.314202234148979187e-02
2.798240445554256439e-02
5.437189713120460510e-02
2.501570805907249451e-02
5.247946828603744507e-02
8.576359599828720093e-02
8.204557001590728760e-02
8.013049513101577759e-02
1.830476708710193634e-02
4.972087964415550232e-02
4.758817702531814575e-02
3.988217934966087341e-02
7.963016629219055176e-02
8.286336809396743774e-02
5.123929679393768311e-02
2.079672366380691528e-02
2.121284045279026031e-02
3.715275600552558899e-02
3.899044170975685120e-02
4.807683825492858887e-02
2.080517821013927460e-02
2.869612164795398712e-02
3.221239894628524780e-02
5.292334780097007751e-02
5.371892079710960388e-02
4.602474719285964966e-02
1.884875632822513580e-02
4.729465395212173462e-02
4.014089331030845642e-02
3.717423230409622192e-02
9.664332494139671326e-03
2.969927899539470673e-02
4.573369398713111877e-02
5.131440609693527222e-02
3.532446548342704773e-02
2.693232893943786621e-02
3.766394034028053284e-02
3.382208570837974548e-02
3.650791570544242859e-02
8.427374809980392456e-02
4.687170684337615967e-02
2.875955775380134583e-02
2.338254265487194061e-02
3.716696798801422119e-02
3.781461343169212341e-02
3.635657578706741333e-02
4.162733629345893860e-02
1.615425758063793182e-02
9.348484873771667480e-02
5.365907028317451477e-02
6.880352646112442017e-02
2.155804075300693512e-02
8.082046173512935638e-03
3.262755274772644043e-02
6.686107069253921509e-02
4.394938424229621887e-02
1.388076990842819214e-01
4.973583668470382690e-02
1.538115590810775757e-01
4.518266767263412476e-02
6.676512211561203003e-02
2.968064509332180023e-02
1.122666150331497192e-01
3.356260433793067932e-02
6.991522759199142456e-02
1.523596197366714478e-01
5.091886594891548157e-02
4.291414469480514526e-02
5.708981305360794067e-02
3.879790008068084717e-02
2.900853008031845093e-02
7.296281307935714722e-02
2.090549655258655548e-02
2.202123403549194336e-02
4.831925034523010254e-02
3.463844209909439087e-02
6.346644461154937744e-02
3.272258862853050232e-02
4.049363359808921814e-02
7.787988334894180298e-02
4.929932579398155212e-02
3.717657551169395447e-02
4.152514785528182983e-02
5.796101689338684082e-02
2.851104177534580231e-02
3.688753768801689148e-02
4.598129540681838989e-02
2.902392856776714325e-02
2.613529004156589508e-02
6.524091958999633789e-02
3.138045221567153931e-02
3.499083220958709717e-02
3.158054500818252563e-02
6.976965069770812988e-02
2.323177084326744080e-02
6.320523470640182495e-02
6.097215041518211365e-02
3.721689805388450623e-02
3.837674483656883240e-02
4.876162856817245483e-02
7.450460642576217651e-02
3.520869836211204529e-02
4.713995382189750671e-02
9.006517380475997925e-02
1.138587445020675659e-01
1.060168743133544922e-01
1.470110416412353516e-01
3.206104412674903870e-02
3.453110158443450928e-02
1.084567755460739136e-01
7.618614286184310913e-02
1.929600909352302551e-02
5.396468937397003174e-02
5.042207613587379456e-02
2.924299612641334534e-02
2.860913611948490143e-02
4.751035943627357483e-02
6.589209288358688354e-02
4.008547961711883545e-02
4.290745034813880920e-02
2.724742144346237183e-02
4.346840456128120422e-02
5.619996786117553711e-02
7.997089624404907227e-02
3.577749058604240417e-02
9.059175848960876465e-02
9.488807618618011475e-02
2.095201611518859863e-02
6.023083999752998352e-02
7.648526877164840698e-02
1.703615859150886536e-02
1.638524048030376434e-02
3.013110533356666565e-02
5.157440528273582458e-02
3.060052916407585144e-02
4.354914650321006775e-02
2.450234815478324890e-02
8.613190799951553345e-02
1.335324253886938095e-02
5.735702440142631531e-02
4.710010811686515808e-02
1.459787413477897644e-02
1.315996348857879639e-01
3.898473829030990601e-02
6.854098290205001831e-02
4.443180933594703674e-02
1.147697400301694870e-02
1.343338191509246826e-01
2.683086320757865906e-02
9.501406550407409668e-02
3.124927915632724762e-02
3.721806034445762634e-02
2.853768691420555115e-02
3.319839760661125183e-02
2.684435434639453888e-02
1.595341041684150696e-02
1.354440450668334961e-01
4.744097217917442322e-02
6.923559308052062988e-02
9.491323679685592651e-02
3.078622184693813324e-02
2.203357964754104614e-02
4.243457689881324768e-02
4.758738726377487183e-02
1.249703243374824524e-01
4.882889613509178162e-02
6.599754095077514648e-02
7.348792999982833862e-02
7.019762694835662842e-02
6.518776714801788330e-02
3.804717957973480225e-02
2.563504688441753387e-02
1.204928159713745117e-01
2.769847586750984192e-02
6.185787171125411987e-02
5.434441566467285156e-02
5.151021108031272888e-02
2.705746330320835114e-02
3.893167525529861450e-02
3.177141025662422180e-02
4.700157046318054199e-02
3.341989964246749878e-02
1.188294682651758194e-02
8.852777630090713501e-02
2.066779322922229767e-02
3.403549641370773315e-02
1.462523825466632843e-02
9.901230782270431519e-02
2.816218324005603790e-02
2.289704047143459320e-02
4.448063299059867859e-02
6.544584780931472778e-02
4.316800087690353394e-02
2.645282633602619171e-02
7.743219379335641861e-03
8.855906315147876740e-03
2.507171779870986938e-02
3.350719064474105835e-02
7.356549054384231567e-02
5.567606911063194275e-02
4.754654690623283386e-02
3.366874530911445618e-02
4.855085536837577820e-02
1.584904827177524567e-02
1.161397174000740051e-01
6.405454874038696289e-02
3.164611384272575378e-02
3.518873453140258789e-02
5.180642381310462952e-02
1.290818005800247192e-01
1.095822639763355255e-02
8.285929262638092041e-02
4.353846609592437744e-02
3.752851486206054688e-02
7.591807842254638672e-02
9.908638149499893188e-02
5.685853213071823120e-02
2.806675992906093597e-02
3.908122703433036804e-02
7.535920292139053345e-02
2.031415514647960663e-02
2.252965606749057770e-02
4.930718615651130676e-02
3.754099085927009583e-02
7.384617626667022705e-02
4.253393784165382385e-02
6.768471002578735352e-02
3.303216025233268738e-02
3.321782127022743225e-02
3.821461275219917297e-02
4.134199768304824829e-02
6.087925657629966736e-02
1.134647801518440247e-02
2.920040301978588104e-02
1.163278147578239441e-01
2.644939161837100983e-02
2.027253806591033936e-02
3.202295675873756409e-02
1.769854500889778137e-02
7.123836874961853027e-02
4.329587519168853760e-02
8.209688961505889893e-02
3.524338454008102417e-02
4.546116665005683899e-02
1.037651151418685913e-01
5.277691408991813660e-02
3.643421828746795654e-02
5.383776128292083740e-02
1.355430018156766891e-02
3.168397024273872375e-02
1.476114988327026367e-02
3.971990942955017090e-02
5.657128989696502686e-02
6.490936875343322754e-02
9.256396442651748657e-02
1.385799050331115723e-02
8.590344339609146118e-02
7.799769937992095947e-02
4.838782176375389099e-02
1.633179932832717896e-02
3.096116520464420319e-02
1.654103770852088928e-02
7.666464149951934814e-02
3.575627133250236511e-02
6.514113396406173706e-02
5.269380658864974976e-02
6.507504731416702271e-02
4.261907562613487244e-02
1.351562328636646271e-02
8.294329047203063965e-02
1.362248659133911133e-01
8.151648938655853271e-02
3.744570910930633545e-02
6.104568019509315491e-02
7.724203169345855713e-02
2.814136259257793427e-02
1.136914175003767014e-02
3.238501027226448059e-02
1.350061297416687012e-01
8.287948369979858398e-02
2.018084935843944550e-02
5.085988342761993408e-02
3.322170302271842957e-02
4.477370902895927429e-02
7.751359045505523682e-02
3.806119784712791443e-02
1.037500053644180298e-01
3.200759738683700562e-02
4.784510657191276550e-02
5.160798504948616028e-02
3.322031348943710327e-02
7.407970726490020752e-02
4.305959865450859070e-02
7.182473689317703247e-02
1.402294170111417770e-02
9.715326130390167236e-02
7.093859463930130005e-02
6.183783337473869324e-02
2.418099530041217804e-02
2.387174032628536224e-02
2.705075778067111969e-02
3.733127564191818237e-02
3.217797726392745972e-02
2.938739955425262451e-02
7.902469485998153687e-02
3.914620727300643921e-02
5.118837580084800720e-02
7.590420078486204147e-03
4.701163992285728455e-02
1.107502877712249756e-01
9.665004163980484009e-02
1.662478223443031311e-02
4.113303124904632568e-02
4.821556061506271362e-02
3.676506876945495605e-02
4.783788695931434631e-02
4.963951557874679565e-02
2.904461696743965149e-02
1.660296134650707245e-02
7.293500751256942749e-02
5.619493871927261353e-02
1.343500614166259766e-02
6.717371940612792969e-02
1.395886093378067017e-01
4.788209125399589539e-02
2.098540030419826508e-02
3.444915637373924255e-02
4.745104536414146423e-02
6.370269507169723511e-02
1.435216702520847321e-02
3.289268538355827332e-02
4.459775984287261963e-02
1.147978827357292175e-01
4.677958041429519653e-02
3.360196948051452637e-02
4.662282019853591919e-02
9.443258494138717651e-02
7.039426267147064209e-02
1.062004342675209045e-01
3.612843900918960571e-02
5.194379389286041260e-02
3.400780260562896729e-02
1.441677566617727280e-02
5.084948614239692688e-02
2.534131333231925964e-02
6.450416147708892822e-02
4.902526736259460449e-02
3.734549880027770996e-02
8.663118630647659302e-02
4.241639003157615662e-02
3.323206678032875061e-02
6.051909923553466797e-02
2.100017666816711426e-02
3.519105538725852966e-02
6.310825049877166748e-02
4.565551131963729858e-02
1.020192801952362061e-01
8.712627738714218140e-02
1.883142627775669098e-02
6.827735155820846558e-02
4.950651898980140686e-02
1.057400181889533997e-02
4.396774992346763611e-02
2.702941559255123138e-02
1.031699553132057190e-01
3.864623233675956726e-02
7.641141861677169800e-02
1.395227108150720596e-02
3.263381868600845337e-02
3.572690114378929138e-02
4.683249071240425110e-02
4.367402195930480957e-02
3.641461580991744995e-02
3.567282576113939285e-03
1.344845443964004517e-01
7.948086410760879517e-02
3.605970367789268494e-02
1.016765013337135315e-01
4.280643165111541748e-02
6.179944425821304321e-02
1.642291061580181122e-02
2.630430273711681366e-02
5.566614493727684021e-02
1.511023845523595810e-02
2.465327270328998566e-02
8.244918286800384521e-02
9.839332103729248047e-02
2.029797993600368500e-02
1.566983014345169067e-02
5.046726390719413757e-02
3.211902081966400146e-02
4.740479588508605957e-02
2.614538557827472687e-02
5.657210946083068848e-02
5.540053918957710266e-02
2.048585005104541779e-02
5.074257031083106995e-02
7.764639705419540405e-02
3.923673555254936218e-02
5.078253149986267090e-02
2.446337975561618805e-02
4.071831703186035156e-02
5.369241163134574890e-02
1.241253502666950226e-02
4.905419051647186279e-02
8.873082697391510010e-02
4.707213118672370911e-02
7.305894792079925537e-02
7.812747731804847717e-03
4.639334231615066528e-02
6.905357539653778076e-02
2.623577229678630829e-02
1.522059831768274307e-02
8.084369450807571411e-02
2.643465995788574219e-02
4.169720783829689026e-02
2.181414328515529633e-02
3.536807745695114136e-02
5.430477857589721680e-02
6.442757695913314819e-02
2.022073417901992798e-02
2.693558484315872192e-02
7.534079998731613159e-02
3.480946272611618042e-02
4.002102464437484741e-02
2.715703845024108887e-02
5.481554940342903137e-02
2.498057670891284943e-02
4.805668443441390991e-02
3.293328359723091125e-02
3.547256439924240112e-02
3.234352171421051025e-02
4.121575504541397095e-02
3.243823349475860596e-02
3.620660677552223206e-02
1.207115501165390015e-01
1.260541751980781555e-02
4.687112197279930115e-02
7.824653387069702148e-02
4.049578681588172913e-02
3.866801783442497253e-02
1.210123375058174133e-01
3.133225813508033752e-02
5.384505912661552429e-02
1.409972645342350006e-02
4.648848623037338257e-02
3.768004477024078369e-02
3.224877640604972839e-02
1.293780282139778137e-02
3.426269814372062683e-02
8.710220456123352051e-02
7.680724561214447021e-02
2.166099846363067627e-02
6.045117974281311035e-02
4.243602976202964783e-02
2.299300208687782288e-02
1.777145080268383026e-02
5.013297498226165771e-02
3.649586439132690430e-02
1.925032399594783783e-02
3.900915384292602539e-02
2.620995603501796722e-02
1.852823607623577118e-02
6.320491433143615723e-02
