1.108592972159385681e-01
9.747852385044097900e-02
6.914572417736053467e-02
6.529358774423599243e-02
8.175424486398696899e-02
9.703493863344192505e-02
5.901004001498222351e-02
8.287478983402252197e-02
9.858214110136032104e-02
8.258670568466186523e-02
9.390337020158767700e-02
5.583035573363304138e-02
8.971849828958511353e-02
1.043822020292282104e-01
1.397522836923599243e-01
8.103864639997482300e-02
7.729544490575790405e-02
4.970674589276313782e-02
6.599718332290649414e-02
7.062210142612457275e-02
9.837700426578521729e-02
6.531079858541488647e-02
5.065487697720527649e-02
8.358092606067657471e-02
7.302866876125335693e-02
5.114113166928291321e-02
7.294326275587081909e-02
7.959041744470596313e-02
6.521502882242202759e-02
9.608597308397293091e-02
7.671459764242172241e-02
5.230839550495147705e-02
1.228851079940795898e-01
7.627440989017486572e-02
8.182448893785476685e-02
1.270981132984161377e-01
8.386154472827911377e-02
1.487322598695755005e-01
5.333085730671882629e-02
5.311688780784606934e-02
9.108916670083999634e-02
5.881768465042114258e-02
6.632027029991149902e-02
1.065245792269706726e-01
8.900953084230422974e-02
7.786939293146133423e-02
5.512971803545951843e-02
9.285789728164672852e-02
6.234708800911903381e-02
8.154173195362091064e-02
7.516448944807052612e-02
6.106536835432052612e-02
7.029186934232711792e-02
8.845680952072143555e-02
8.599108457565307617e-02
5.522956326603889465e-02
1.001438125967979431e-01
5.779879167675971985e-02
8.583977073431015015e-02
9.389209002256393433e-02
1.070979684591293335e-01
6.485412269830703735e-02
9.923150390386581421e-02
1.056644469499588013e-01
8.126495778560638428e-02
6.360749155282974243e-02
6.161164864897727966e-02
1.056690886616706848e-01
6.360036879777908325e-02
5.733432993292808533e-02
8.470986038446426392e-02
1.082906201481819153e-01
6.149863079190254211e-02
9.518934041261672974e-02
7.807902991771697998e-02
1.004699692130088806e-01
1.027187928557395935e-01
1.496044993400573730e-01
9.232261776924133301e-02
5.512354522943496704e-02
1.049562990665435791e-01
7.166647911071777344e-02
5.874274298548698425e-02
5.354396998882293701e-02
6.749743223190307617e-02
7.373049110174179077e-02
8.043387532234191895e-02
1.048249006271362305e-01
4.925916716456413269e-02
7.439118623733520508e-02
6.568779796361923218e-02
4.645640775561332703e-02
1.037715822458267212e-01
8.864236623048782349e-02
8.019107580184936523e-02
5.844039097428321838e-02
5.898618698120117188e-02
6.137565895915031433e-02
6.307534873485565186e-02
8.611277490854263306e-02
7.920191437005996704e-02
6.859833747148513794e-02
7.555170357227325439e-02
6.120037660002708435e-02
4.824250191450119019e-02
9.005057811737060547e-02
7.278366386890411377e-02
7.753338664770126343e-02
5.954705551266670227e-02
1.741132289171218872e-01
5.900187045335769653e-02
8.085134625434875488e-02
6.371273100376129150e-02
8.708973228931427002e-02
1.010853201150894165e-01
5.836618319153785706e-02
5.709881335496902466e-02
8.871611207723617554e-02
5.896235629916191101e-02
5.556184053421020508e-02
5.962314829230308533e-02
6.013185903429985046e-02
1.023373529314994812e-01
6.006000936031341553e-02
6.296178698539733887e-02
5.214687809348106384e-02
9.665369242429733276e-02
1.087187752127647400e-01
6.241000816226005554e-02
7.614956796169281006e-02
6.942297518253326416e-02
9.671243280172348022e-02
5.306927859783172607e-02
6.590107083320617676e-02
6.515559554100036621e-02
5.304137989878654480e-02
4.941469058394432068e-02
1.211314797401428223e-01
1.391450613737106323e-01
5.511229112744331360e-02
6.687206774950027466e-02
6.076066568493843079e-02
5.588833615183830261e-02
5.635123327374458313e-02
1.082236319780349731e-01
7.737553864717483521e-02
6.362481415271759033e-02
8.778297156095504761e-02
5.891907960176467896e-02
6.219560280442237854e-02
6.109006702899932861e-02
6.543936580419540405e-02
5.647409707307815552e-02
5.681868642568588257e-02
7.421023398637771606e-02
7.826834172010421753e-02
7.350807636976242065e-02
7.152479141950607300e-02
4.790285602211952209e-02
7.079514861106872559e-02
8.913102746009826660e-02
9.579998254776000977e-02
8.367425203323364258e-02
9.213930368423461914e-02
5.803564190864562988e-02
6.733146309852600098e-02
1.196892336010932922e-01
6.401329487562179565e-02
5.122134834527969360e-02
8.590380847454071045e-02
5.906249210238456726e-02
5.778158456087112427e-02
1.052027791738510132e-01
5.824909359216690063e-02
7.101474702358245850e-02
6.032181158661842346e-02
6.475435942411422729e-02
9.540244936943054199e-02
7.666321843862533569e-02
8.746868371963500977e-02
9.415280073881149292e-02
1.179894283413887024e-01
8.296536654233932495e-02
9.580189734697341919e-02
9.660353511571884155e-02
1.386666297912597656e-01
1.255766302347183228e-01
7.985090464353561401e-02
6.044636666774749756e-02
7.334855943918228149e-02
9.990908205509185791e-02
1.151228696107864380e-01
6.215725466609001160e-02
7.454830408096313477e-02
7.595416158437728882e-02
1.150664165616035461e-01
9.989827871322631836e-02
7.533685117959976196e-02
5.616724863648414612e-02
8.700332045555114746e-02
7.229900360107421875e-02
9.384009987115859985e-02
8.369583636522293091e-02
5.644850805401802063e-02
7.970435917377471924e-02
6.985905766487121582e-02
8.097846806049346924e-02
1.104334965348243713e-01
6.688402593135833740e-02
6.698362529277801514e-02
7.418266683816909790e-02
5.786345154047012329e-02
6.757981330156326294e-02
7.499813288450241089e-02
7.874335348606109619e-02
5.076941475272178650e-02
8.992490172386169434e-02
7.633414119482040405e-02
7.364280521869659424e-02
5.844095349311828613e-02
6.491219252347946167e-02
1.056006327271461487e-01
9.254604578018188477e-02
8.418177068233489990e-02
7.273630052804946899e-02
7.006056606769561768e-02
5.174184963107109070e-02
8.062767982482910156e-02
1.088057830929756165e-01
6.049674376845359802e-02
5.848498269915580750e-02
6.571808457374572754e-02
7.556636631488800049e-02
8.971922844648361206e-02
6.218166276812553406e-02
5.996632575988769531e-02
5.409370735287666321e-02
9.618815034627914429e-02
5.846064165234565735e-02
5.379872769117355347e-02
6.053350493311882019e-02
5.309079587459564209e-02
1.237527430057525635e-01
9.475131332874298096e-02
6.029741093516349792e-02
5.168282240629196167e-02
6.794340908527374268e-02
9.630618244409561157e-02
6.553190201520919800e-02
5.451013147830963135e-02
7.109383493661880493e-02
7.623791694641113281e-02
1.172192245721817017e-01
6.181409582495689392e-02
9.209315478801727295e-02
6.566920876502990723e-02
9.018751233816146851e-02
5.693246796727180481e-02
6.895025819540023804e-02
8.365029096603393555e-02
7.141343504190444946e-02
5.902101472020149231e-02
6.629245728254318237e-02
6.750788539648056030e-02
1.094709411263465881e-01
5.400079116225242615e-02
6.563076376914978027e-02
9.308161586523056030e-02
7.259840518236160278e-02
7.791755348443984985e-02
8.046665787696838379e-02
5.196572095155715942e-02
7.246421277523040771e-02
6.525651365518569946e-02
5.178171396255493164e-02
1.001429930329322815e-01
6.326384842395782471e-02
8.777544647455215454e-02
5.813596770167350769e-02
6.486657261848449707e-02
7.366049289703369141e-02
1.117378175258636475e-01
9.087531268596649170e-02
9.038515388965606689e-02
8.813000470399856567e-02
9.457619488239288330e-02
8.934483677148818970e-02
8.015257120132446289e-02
6.511761248111724854e-02
8.555249124765396118e-02
5.736479163169860840e-02
1.048948317766189575e-01
1.034275218844413757e-01
1.412622332572937012e-01
9.522608667612075806e-02
6.640712916851043701e-02
6.779710203409194946e-02
8.265478163957595825e-02
1.340396255254745483e-01
5.273768678307533264e-02
5.607604980468750000e-02
6.827184557914733887e-02
9.566653519868850708e-02
1.117840558290481567e-01
7.760696113109588623e-02
7.482220232486724854e-02
8.678006380796432495e-02
1.022722423076629639e-01
9.708458185195922852e-02
6.752749532461166382e-02
8.021312952041625977e-02
9.072478115558624268e-02
5.190229415893554688e-02
6.232504546642303467e-02
1.145345941185951233e-01
1.403973549604415894e-01
5.234175920486450195e-02
7.215850800275802612e-02
8.892422914505004883e-02
6.695353984832763672e-02
6.653237342834472656e-02
1.047711297869682312e-01
1.017967984080314636e-01
6.956090778112411499e-02
5.313034355640411377e-02
6.296309828758239746e-02
1.065115928649902344e-01
7.362226396799087524e-02
7.837077230215072632e-02
6.658434867858886719e-02
6.848651915788650513e-02
9.193339943885803223e-02
5.151857063174247742e-02
5.163952335715293884e-02
5.187680572271347046e-02
8.317273855209350586e-02
6.450296193361282349e-02
7.053457945585250854e-02
1.169554069638252258e-01
6.292960792779922485e-02
7.654201239347457886e-02
9.673855453729629517e-02
6.042462587356567383e-02
8.592703193426132202e-02
6.107915937900543213e-02
1.027109846472740173e-01
6.656212359666824341e-02
9.962575882673263550e-02
1.015693843364715576e-01
5.449983850121498108e-02
5.094232782721519470e-02
6.597607582807540894e-02
1.041142642498016357e-01
6.126574054360389709e-02
1.292826682329177856e-01
5.451545864343643188e-02
8.871099352836608887e-02
5.779994279146194458e-02
1.373291760683059692e-01
8.823938667774200439e-02
1.201277077198028564e-01
7.580136507749557495e-02
6.927579641342163086e-02
5.715054273605346680e-02
8.254926651716232300e-02
7.955333590507507324e-02
9.786055982112884521e-02
6.196871027350425720e-02
7.039079070091247559e-02
5.956633016467094421e-02
7.219135761260986328e-02
5.813145637512207031e-02
9.858363121747970581e-02
7.514527440071105957e-02
5.675456300377845764e-02
7.479814440011978149e-02
5.769364908337593079e-02
1.160100772976875305e-01
8.587919920682907104e-02
8.047448843717575073e-02
1.531266421079635620e-01
9.995473176240921021e-02
5.570612475275993347e-02
5.969027057290077209e-02
5.354996025562286377e-02
6.684128195047378540e-02
6.856244802474975586e-02
7.492996752262115479e-02
7.159775495529174805e-02
5.174262076616287231e-02
4.822218418121337891e-02
7.126489281654357910e-02
6.214582547545433044e-02
9.392443299293518066e-02
5.974645912647247314e-02
8.019027858972549438e-02
5.512451753020286560e-02
6.549231708049774170e-02
7.249026745557785034e-02
6.221779808402061462e-02
5.262204632163047791e-02
9.186367690563201904e-02
9.453091770410537720e-02
5.813276767730712891e-02
5.131690576672554016e-02
7.364436984062194824e-02
6.208560615777969360e-02
6.252467632293701172e-02
7.944005727767944336e-02
9.419625252485275269e-02
1.219921931624412537e-01
7.298473268747329712e-02
1.004591956734657288e-01
7.741503417491912842e-02
6.973286718130111694e-02
5.937520787119865417e-02
7.039693742990493774e-02
8.425135165452957153e-02
6.742183864116668701e-02
7.800274342298507690e-02
7.593098282814025879e-02
7.302686572074890137e-02
6.179735064506530762e-02
6.388141959905624390e-02
6.776707619428634644e-02
8.177697658538818359e-02
5.971174687147140503e-02
8.253233134746551514e-02
6.845267117023468018e-02
1.090477406978607178e-01
9.394857287406921387e-02
7.667188346385955811e-02
8.134252578020095825e-02
9.769351780414581299e-02
5.836096778512001038e-02
7.172931730747222900e-02
8.232642710208892822e-02
7.977069169282913208e-02
6.581386923789978027e-02
8.327008783817291260e-02
1.069888398051261902e-01
6.833963096141815186e-02
1.194683462381362915e-01
6.309359520673751831e-02
7.177704572677612305e-02
5.468671768903732300e-02
1.143700405955314636e-01
7.749933749437332153e-02
6.474433094263076782e-02
8.213414251804351807e-02
5.710776150226593018e-02
5.403998866677284241e-02
9.386204183101654053e-02
8.036031574010848999e-02
6.916222721338272095e-02
9.005019068717956543e-02
5.667143315076828003e-02
9.431637078523635864e-02
5.445228144526481628e-02
8.105762302875518799e-02
6.567887216806411743e-02
7.239381223917007446e-02
1.282915323972702026e-01
5.833031982183456421e-02
7.270621508359909058e-02
6.550829112529754639e-02
6.466938555240631104e-02
6.654543429613113403e-02
4.997592046856880188e-02
1.228173151612281799e-01
1.081287190318107605e-01
4.944100230932235718e-02
1.174346879124641418e-01
6.850842386484146118e-02
8.887503296136856079e-02
7.196720689535140991e-02
6.943569332361221313e-02
5.691638216376304626e-02
7.063813507556915283e-02
5.755901336669921875e-02
7.521593570709228516e-02
7.055591791868209839e-02
1.124758496880531311e-01
5.861388891935348511e-02
4.836683347821235657e-02
6.905225664377212524e-02
7.321140170097351074e-02
1.048501655459403992e-01
1.161427199840545654e-01
5.572271719574928284e-02
7.618491351604461670e-02
7.640741765499114990e-02
1.002350524067878723e-01
6.947059184312820435e-02
1.107643172144889832e-01
6.486820429563522339e-02
8.778084069490432739e-02
8.260901272296905518e-02
7.397880405187606812e-02
1.018399745225906372e-01
1.121577396988868713e-01
5.526799708604812622e-02
6.520538032054901123e-02
5.507404729723930359e-02
1.002820432186126709e-01
7.227694243192672729e-02
1.099499389529228210e-01
5.856920033693313599e-02
8.556631952524185181e-02
1.012993529438972473e-01
6.538235396146774292e-02
9.724925458431243896e-02
5.792705714702606201e-02
4.979378357529640198e-02
4.890640452504158020e-02
6.133646145462989807e-02
6.738562136888504028e-02
7.827718555927276611e-02
7.559787482023239136e-02
4.777897149324417114e-02
6.459171324968338013e-02
7.084264606237411499e-02
8.601137995719909668e-02
7.854840904474258423e-02
6.870253384113311768e-02
6.631466001272201538e-02
1.126833930611610413e-01
8.674979954957962036e-02
5.554184317588806152e-02
5.336126685142517090e-02
1.158032193779945374e-01
6.034079566597938538e-02
8.236438035964965820e-02
7.022985816001892090e-02
7.253962010145187378e-02
8.698776364326477051e-02
8.719645440578460693e-02
7.594937831163406372e-02
9.418511390686035156e-02
6.409990042448043823e-02
6.499439477920532227e-02
9.655645489692687988e-02
6.338212639093399048e-02
5.246333405375480652e-02
8.701952546834945679e-02
1.104085445404052734e-01
5.411782115697860718e-02
5.802876502275466919e-02
6.723019480705261230e-02
7.370465248823165894e-02
5.692157521843910217e-02
6.061684340238571167e-02
5.884291231632232666e-02
4.775224626064300537e-02
5.835270881652832031e-02
9.785522520542144775e-02
7.437948882579803467e-02
1.015567332506179810e-01
6.431631743907928467e-02
5.267427116632461548e-02
4.714993387460708618e-02
7.721400260925292969e-02
8.506947755813598633e-02
6.880223006010055542e-02
5.730524659156799316e-02
1.018657311797142029e-01
7.642683386802673340e-02
8.861781656742095947e-02
7.881533354520797729e-02
7.908299565315246582e-02
5.754170939326286316e-02
5.680020526051521301e-02
7.648052275180816650e-02
1.071522533893585205e-01
7.330991327762603760e-02
1.093059927225112915e-01
7.560592889785766602e-02
5.791267007589340210e-02
7.595185190439224243e-02
5.332752689719200134e-02
1.628534644842147827e-01
9.657293558120727539e-02
7.729543000459671021e-02
7.011581957340240479e-02
1.065331026911735535e-01
7.175512611865997314e-02
9.295947104692459106e-02
7.444023340940475464e-02
8.359586447477340698e-02
6.237870827317237854e-02
1.368666738271713257e-01
7.258009910583496094e-02
1.001623943448066711e-01
6.077064201235771179e-02
6.092981249094009399e-02
9.087055176496505737e-02
5.205661430954933167e-02
6.936143338680267334e-02
4.451186954975128174e-02
1.143555492162704468e-01
7.175905257463455200e-02
7.437434047460556030e-02
5.961955338716506958e-02
1.339655965566635132e-01
6.613159179687500000e-02
6.632433831691741943e-02
8.950633555650711060e-02
7.520336657762527466e-02
6.762060523033142090e-02
8.138205111026763916e-02
9.648258239030838013e-02
5.051299184560775757e-02
1.125845909118652344e-01
8.045828342437744141e-02
6.252235174179077148e-02
1.105632260441780090e-01
6.475290656089782715e-02
7.104139775037765503e-02
5.599610507488250732e-02
5.020849406719207764e-02
7.133478671312332153e-02
1.064650267362594604e-01
7.826917618513107300e-02
5.501143634319305420e-02
6.586857885122299194e-02
5.933836475014686584e-02
8.188528567552566528e-02
8.336234837770462036e-02
8.383415639400482178e-02
6.223079562187194824e-02
7.352029532194137573e-02
5.817962437868118286e-02
5.969105660915374756e-02
8.856733143329620361e-02
5.919610336422920227e-02
6.842758506536483765e-02
4.791843146085739136e-02
6.074411422014236450e-02
1.082855165004730225e-01
5.593586340546607971e-02
1.153578087687492371e-01
6.197858229279518127e-02
9.820526838302612305e-02
6.432244926691055298e-02
6.650003045797348022e-02
7.587356865406036377e-02
1.136866658926010132e-01
6.450518965721130371e-02
1.330557167530059814e-01
9.315825253725051880e-02
6.462343782186508179e-02
7.870122790336608887e-02
7.076592743396759033e-02
5.695284903049468994e-02
4.792582988739013672e-02
7.148675620555877686e-02
6.888547539710998535e-02
8.158308267593383789e-02
7.751430571079254150e-02
7.014101743698120117e-02
5.303983017802238464e-02
8.454098552465438843e-02
5.316130071878433228e-02
7.863401621580123901e-02
6.773366779088973999e-02
5.999074503779411316e-02
8.741491287946701050e-02
8.552436530590057373e-02
7.885143905878067017e-02
7.122584432363510132e-02
7.703120261430740356e-02
8.758576959371566772e-02
7.781925797462463379e-02
8.292640000581741333e-02
6.002432852983474731e-02
7.238376140594482422e-02
1.290616840124130249e-01
5.987459421157836914e-02
6.336332857608795166e-02
6.505206227302551270e-02
7.466419041156768799e-02
6.979181617498397827e-02
1.165159493684768677e-01
7.481826096773147583e-02
5.544630065560340881e-02
5.619186162948608398e-02
8.371813595294952393e-02
7.093038409948348999e-02
6.703321635723114014e-02
9.659599512815475464e-02
6.440559774637222290e-02
6.876341253519058228e-02
6.987729668617248535e-02
1.120367795228958130e-01
7.681416720151901245e-02
6.977691501379013062e-02
6.065532192587852478e-02
1.019729822874069214e-01
1.079813092947006226e-01
9.463661909103393555e-02
9.564446657896041870e-02
6.503929942846298218e-02
7.793495804071426392e-02
6.733747571706771851e-02
5.919833853840827942e-02
4.818765819072723389e-02
6.860809773206710815e-02
6.110284104943275452e-02
8.182198554277420044e-02
1.263378560543060303e-01
6.299640238285064697e-02
5.167252570390701294e-02
7.681626826524734497e-02
8.137863129377365112e-02
5.559778958559036255e-02
7.185572385787963867e-02
1.016242280602455139e-01
7.137656956911087036e-02
6.360566616058349609e-02
1.234707459807395935e-01
1.020771190524101257e-01
6.975577771663665771e-02
5.104087293148040771e-02
8.567999303340911865e-02
8.271479606628417969e-02
1.434426307678222656e-01
8.528932929039001465e-02
1.003937572240829468e-01
1.140184402465820312e-01
8.191812783479690552e-02
1.044203862547874451e-01
6.162503361701965332e-02
1.729047596454620361e-01
9.986165910959243774e-02
7.047724723815917969e-02
1.567998379468917847e-01
8.251691609621047974e-02
6.073565408587455750e-02
7.232370972633361816e-02
1.059351041913032532e-01
7.090385258197784424e-02
6.870187819004058838e-02
8.849895745515823364e-02
5.684496462345123291e-02
8.469290286302566528e-02
6.839437037706375122e-02
7.051816582679748535e-02
7.847022265195846558e-02
6.800753623247146606e-02
7.674749195575714111e-02
1.152887195348739624e-01
1.122071295976638794e-01
6.288068741559982300e-02
9.601280093193054199e-02
6.027188524603843689e-02
7.861011475324630737e-02
9.417898952960968018e-02
7.138386368751525879e-02
1.098335757851600647e-01
1.212354302406311035e-01
6.353498995304107666e-02
6.861000508069992065e-02
7.745637744665145874e-02
6.705546379089355469e-02
6.038489937782287598e-02
7.916533946990966797e-02
6.407928466796875000e-02
1.310428380966186523e-01
6.657662242650985718e-02
7.228533923625946045e-02
1.125359237194061279e-01
9.330908954143524170e-02
7.731693238019943237e-02
1.036779880523681641e-01
8.177787065505981445e-02
6.433295458555221558e-02
6.482021510601043701e-02
5.974855273962020874e-02
7.377021014690399170e-02
6.889712065458297729e-02
1.095114722847938538e-01
7.795473188161849976e-02
8.250515908002853394e-02
5.439376085996627808e-02
8.024875074625015259e-02
7.566582411527633667e-02
5.632774531841278076e-02
7.623299211263656616e-02
8.756428956985473633e-02
6.020280718803405762e-02
7.867165654897689819e-02
7.154414802789688110e-02
7.739304006099700928e-02
1.177650094032287598e-01
1.248184069991111755e-01
1.558980196714401245e-01
6.043708324432373047e-02
8.334144949913024902e-02
6.247805804014205933e-02
8.944860100746154785e-02
5.289332568645477295e-02
7.501426339149475098e-02
7.017663121223449707e-02
6.786267459392547607e-02
1.040827035903930664e-01
7.409781217575073242e-02
1.040005832910537720e-01
8.792498707771301270e-02
5.554585903882980347e-02
