8.697546386718750000e+01
7.615184020996093750e+01
8.295841217041015625e+01
9.306297302246093750e+01
8.323645019531250000e+01
1.383126068115234375e+02
8.958374786376953125e+01
8.561816406250000000e+01
9.921944427490234375e+01
8.753443908691406250e+01
8.924375152587890625e+01
8.973402404785156250e+01
7.454158782958984375e+01
1.102022094726562500e+02
9.699884796142578125e+01
9.433643341064453125e+01
9.613277435302734375e+01
8.625542449951171875e+01
9.227894592285156250e+01
8.364740753173828125e+01
1.039757385253906250e+02
7.478472137451171875e+01
7.092728424072265625e+01
1.403337860107421875e+02
8.935530090332031250e+01
9.860177612304687500e+01
9.618148803710937500e+01
9.372281646728515625e+01
9.000435638427734375e+01
7.857238769531250000e+01
7.718881988525390625e+01
1.012484970092773438e+02
8.515438842773437500e+01
7.828997802734375000e+01
9.361746215820312500e+01
8.384763336181640625e+01
7.405429840087890625e+01
1.124595489501953125e+02
1.097606201171875000e+02
9.379214477539062500e+01
8.908519744873046875e+01
9.799488830566406250e+01
1.021369628906250000e+02
8.130772399902343750e+01
8.785948181152343750e+01
9.815476989746093750e+01
8.120262908935546875e+01
8.698381042480468750e+01
9.412809753417968750e+01
8.664456939697265625e+01
9.139029693603515625e+01
9.397027587890625000e+01
9.414830017089843750e+01
1.026045455932617188e+02
8.723683166503906250e+01
8.387351989746093750e+01
1.058523941040039062e+02
1.047153701782226562e+02
9.774461364746093750e+01
1.029807586669921875e+02
1.155143203735351562e+02
8.136439514160156250e+01
1.341956176757812500e+02
9.941872406005859375e+01
7.906426239013671875e+01
9.337063598632812500e+01
7.563393402099609375e+01
8.938108825683593750e+01
8.853289794921875000e+01
8.025431060791015625e+01
8.770971679687500000e+01
8.333261108398437500e+01
8.256253814697265625e+01
1.106149826049804688e+02
1.041389465332031250e+02
1.185887832641601562e+02
8.543192291259765625e+01
7.041553497314453125e+01
1.024725875854492188e+02
9.760169982910156250e+01
9.487865447998046875e+01
7.939356994628906250e+01
9.674137878417968750e+01
8.744954681396484375e+01
9.271939849853515625e+01
9.477394104003906250e+01
7.351907348632812500e+01
8.087380981445312500e+01
1.031138153076171875e+02
1.072717361450195312e+02
1.112748718261718750e+02
8.646971130371093750e+01
9.688117980957031250e+01
1.036573562622070312e+02
9.182466125488281250e+01
6.965470123291015625e+01
7.623480987548828125e+01
9.868898773193359375e+01
9.161183166503906250e+01
9.625868225097656250e+01
7.678038787841796875e+01
7.866112518310546875e+01
8.454887390136718750e+01
8.648826599121093750e+01
9.161852264404296875e+01
8.945029449462890625e+01
9.859783935546875000e+01
8.880146026611328125e+01
9.496697998046875000e+01
9.875333404541015625e+01
1.051039733886718750e+02
1.010245437622070312e+02
8.507637786865234375e+01
8.746620178222656250e+01
9.446520996093750000e+01
9.749765014648437500e+01
7.404415130615234375e+01
9.674720001220703125e+01
7.383829498291015625e+01
9.144113159179687500e+01
9.630551910400390625e+01
9.985108184814453125e+01
1.055029602050781250e+02
9.321212005615234375e+01
9.150100708007812500e+01
8.156720733642578125e+01
1.232132110595703125e+02
8.157798767089843750e+01
8.716282653808593750e+01
8.041899871826171875e+01
8.720873260498046875e+01
9.885430908203125000e+01
9.039125061035156250e+01
9.426227569580078125e+01
9.415721893310546875e+01
7.468049621582031250e+01
9.555872344970703125e+01
8.755571746826171875e+01
9.548329162597656250e+01
9.921745300292968750e+01
9.200454711914062500e+01
7.296871948242187500e+01
7.104526519775390625e+01
9.511328887939453125e+01
1.256002197265625000e+02
8.634382629394531250e+01
8.533308410644531250e+01
9.499085998535156250e+01
9.791071319580078125e+01
1.030797119140625000e+02
7.989557647705078125e+01
1.031226348876953125e+02
8.737468719482421875e+01
9.227862548828125000e+01
1.020030899047851562e+02
8.041351318359375000e+01
8.131914520263671875e+01
9.330757141113281250e+01
1.007964706420898438e+02
9.570848846435546875e+01
8.747760772705078125e+01
8.535890197753906250e+01
9.567662048339843750e+01
8.580653381347656250e+01
8.468613433837890625e+01
9.400352478027343750e+01
9.871225738525390625e+01
8.339225006103515625e+01
7.604035949707031250e+01
1.074079971313476562e+02
1.109539108276367188e+02
1.171608200073242188e+02
8.950636291503906250e+01
7.876486206054687500e+01
8.577316284179687500e+01
8.192186737060546875e+01
8.518724822998046875e+01
8.238412475585937500e+01
9.618450927734375000e+01
9.183310699462890625e+01
9.147402954101562500e+01
8.890542602539062500e+01
9.599747467041015625e+01
1.001553497314453125e+02
8.131209564208984375e+01
1.091753005981445312e+02
9.854472351074218750e+01
9.222343444824218750e+01
8.289327239990234375e+01
9.292584228515625000e+01
9.700489807128906250e+01
1.058992996215820312e+02
6.768444061279296875e+01
9.668477630615234375e+01
1.023832321166992188e+02
9.752310943603515625e+01
1.148019714355468750e+02
8.839353942871093750e+01
7.910894775390625000e+01
9.998664855957031250e+01
1.025345687866210938e+02
8.285840606689453125e+01
9.026866149902343750e+01
1.026489562988281250e+02
7.690930938720703125e+01
1.051738128662109375e+02
8.624810791015625000e+01
8.881828308105468750e+01
1.018997192382812500e+02
8.287451171875000000e+01
9.826364898681640625e+01
7.026293945312500000e+01
7.696754455566406250e+01
1.006337966918945312e+02
7.086270904541015625e+01
8.737725067138671875e+01
9.820357513427734375e+01
7.224175262451171875e+01
9.186787414550781250e+01
8.824877929687500000e+01
8.933459472656250000e+01
9.859539794921875000e+01
9.815814208984375000e+01
9.442567443847656250e+01
8.839586639404296875e+01
8.874863433837890625e+01
9.632570648193359375e+01
7.646057128906250000e+01
9.565789031982421875e+01
7.894103240966796875e+01
9.732246398925781250e+01
8.636569213867187500e+01
1.103360366821289062e+02
9.422895050048828125e+01
1.054795761108398438e+02
9.587612152099609375e+01
9.073829650878906250e+01
8.563274383544921875e+01
1.036696777343750000e+02
7.397142791748046875e+01
9.786270904541015625e+01
7.263694000244140625e+01
1.006489181518554688e+02
9.705740356445312500e+01
8.454067230224609375e+01
7.187981414794921875e+01
9.757115173339843750e+01
8.318163299560546875e+01
8.861390686035156250e+01
9.955461120605468750e+01
8.845342254638671875e+01
1.016464614868164062e+02
1.191560058593750000e+02
8.525712585449218750e+01
1.083457260131835938e+02
8.346848297119140625e+01
8.296194458007812500e+01
1.001216125488281250e+02
9.120333862304687500e+01
8.050128936767578125e+01
1.052266311645507812e+02
8.999614715576171875e+01
7.673708343505859375e+01
7.765922546386718750e+01
7.825936889648437500e+01
8.450728607177734375e+01
7.946379852294921875e+01
8.248488616943359375e+01
9.901455688476562500e+01
1.142578201293945312e+02
8.111000061035156250e+01
6.154722213745117188e+01
8.069356536865234375e+01
7.236044311523437500e+01
8.628472137451171875e+01
8.913840484619140625e+01
1.119100723266601562e+02
9.540697479248046875e+01
9.726012420654296875e+01
9.679772949218750000e+01
9.748004913330078125e+01
9.312541961669921875e+01
8.952213287353515625e+01
9.476829528808593750e+01
8.407359313964843750e+01
1.041370010375976562e+02
1.074849700927734375e+02
1.071087188720703125e+02
1.131603317260742188e+02
6.841458892822265625e+01
7.067686462402343750e+01
9.698078918457031250e+01
9.171390533447265625e+01
1.041191253662109375e+02
1.376983947753906250e+02
1.079862976074218750e+02
8.282245635986328125e+01
8.763649749755859375e+01
9.625264739990234375e+01
9.644728851318359375e+01
7.881514739990234375e+01
7.914908599853515625e+01
1.128488464355468750e+02
7.346056365966796875e+01
9.907664489746093750e+01
9.205388641357421875e+01
8.375955963134765625e+01
8.933511352539062500e+01
1.144036941528320312e+02
9.414555358886718750e+01
7.932728576660156250e+01
9.776890563964843750e+01
1.049886474609375000e+02
9.822002410888671875e+01
1.151921234130859375e+02
1.111568984985351562e+02
8.655351257324218750e+01
9.006445312500000000e+01
9.194625091552734375e+01
8.712371063232421875e+01
9.509572601318359375e+01
9.734986877441406250e+01
1.064969940185546875e+02
7.851014709472656250e+01
9.616769409179687500e+01
1.023805236816406250e+02
8.735588836669921875e+01
8.459719085693359375e+01
8.034044647216796875e+01
9.650544738769531250e+01
8.921054077148437500e+01
1.056972351074218750e+02
9.237698364257812500e+01
1.048632202148437500e+02
9.188468170166015625e+01
9.084102630615234375e+01
8.960971069335937500e+01
9.690019989013671875e+01
1.176066741943359375e+02
9.664914703369140625e+01
1.064431228637695312e+02
9.313301086425781250e+01
9.922852325439453125e+01
9.175270843505859375e+01
8.409240722656250000e+01
1.355504455566406250e+02
9.723388671875000000e+01
1.158500442504882812e+02
1.010215835571289062e+02
8.595299530029296875e+01
8.129966735839843750e+01
1.063021850585937500e+02
8.446156311035156250e+01
7.903120422363281250e+01
9.963632965087890625e+01
8.850764465332031250e+01
7.645691680908203125e+01
9.123998260498046875e+01
1.141271209716796875e+02
8.715453338623046875e+01
1.113695983886718750e+02
9.171273803710937500e+01
8.864222717285156250e+01
7.186819458007812500e+01
7.183081054687500000e+01
9.116817474365234375e+01
7.793412017822265625e+01
1.015339736938476562e+02
9.124441528320312500e+01
7.987104797363281250e+01
8.565466308593750000e+01
8.322600555419921875e+01
8.529228210449218750e+01
9.559149169921875000e+01
7.812770843505859375e+01
9.006154632568359375e+01
8.615345764160156250e+01
1.122800750732421875e+02
8.878086090087890625e+01
8.670594787597656250e+01
9.802682495117187500e+01
8.532592773437500000e+01
9.161692810058593750e+01
9.851236724853515625e+01
8.536824798583984375e+01
7.640562438964843750e+01
8.780980682373046875e+01
1.056439437866210938e+02
9.551435089111328125e+01
1.154457321166992188e+02
9.419184112548828125e+01
9.824417877197265625e+01
7.554547119140625000e+01
1.128411483764648438e+02
8.648928070068359375e+01
9.291384124755859375e+01
1.003295745849609375e+02
8.827005004882812500e+01
9.019647216796875000e+01
7.944023895263671875e+01
7.338014984130859375e+01
1.106720504760742188e+02
1.291477508544921875e+02
8.593185424804687500e+01
9.636297607421875000e+01
9.809951019287109375e+01
8.864264678955078125e+01
9.582393646240234375e+01
9.482836914062500000e+01
8.016532897949218750e+01
5.571044921875000000e+01
9.637326049804687500e+01
1.171679840087890625e+02
1.117793350219726562e+02
7.902925872802734375e+01
8.788397979736328125e+01
1.090519485473632812e+02
7.211343383789062500e+01
8.951701354980468750e+01
8.878753662109375000e+01
1.061586456298828125e+02
1.020447006225585938e+02
9.542018890380859375e+01
1.095559005737304688e+02
9.760637664794921875e+01
9.288319396972656250e+01
8.384099578857421875e+01
8.035446166992187500e+01
8.434443664550781250e+01
9.799561309814453125e+01
9.391677856445312500e+01
7.876815032958984375e+01
7.927801513671875000e+01
1.087101821899414062e+02
9.264818572998046875e+01
7.481892395019531250e+01
1.023408203125000000e+02
9.055461883544921875e+01
8.435582733154296875e+01
8.928429412841796875e+01
1.092121505737304688e+02
9.015198516845703125e+01
9.734423828125000000e+01
8.172076416015625000e+01
8.045254516601562500e+01
9.786959838867187500e+01
1.176306076049804688e+02
9.101445770263671875e+01
8.970185089111328125e+01
9.503894805908203125e+01
9.848209381103515625e+01
8.281209564208984375e+01
1.100114440917968750e+02
8.717169952392578125e+01
9.026268768310546875e+01
9.887391662597656250e+01
7.260746002197265625e+01
1.121607971191406250e+02
7.602432250976562500e+01
7.749958801269531250e+01
8.584602355957031250e+01
9.445233917236328125e+01
7.164624786376953125e+01
1.055737457275390625e+02
9.353683471679687500e+01
7.938023376464843750e+01
6.654748535156250000e+01
9.051169586181640625e+01
8.779570770263671875e+01
9.265000915527343750e+01
1.097254714965820312e+02
9.244699859619140625e+01
9.471362304687500000e+01
7.146889495849609375e+01
1.053988494873046875e+02
9.221892547607421875e+01
8.909037017822265625e+01
8.558511352539062500e+01
8.955224609375000000e+01
7.821097564697265625e+01
8.912227630615234375e+01
9.765399932861328125e+01
1.016759872436523438e+02
7.786579895019531250e+01
9.354997253417968750e+01
9.201633453369140625e+01
8.343072509765625000e+01
1.018026962280273438e+02
1.043200836181640625e+02
8.611056518554687500e+01
8.834240722656250000e+01
8.055025482177734375e+01
9.988851928710937500e+01
9.497030639648437500e+01
8.740604400634765625e+01
9.197919464111328125e+01
9.233570861816406250e+01
1.150494461059570312e+02
9.925601196289062500e+01
9.711495971679687500e+01
9.883468627929687500e+01
9.115576934814453125e+01
7.626466369628906250e+01
9.207324981689453125e+01
1.231666183471679688e+02
9.671379089355468750e+01
6.913123321533203125e+01
8.917927551269531250e+01
9.087708282470703125e+01
1.007782440185546875e+02
9.827938842773437500e+01
8.305510711669921875e+01
7.873829650878906250e+01
9.483705139160156250e+01
8.748673248291015625e+01
9.365684509277343750e+01
1.011795501708984375e+02
1.002373275756835938e+02
7.345571136474609375e+01
9.132289886474609375e+01
9.517687225341796875e+01
9.958057403564453125e+01
9.569795989990234375e+01
9.059591674804687500e+01
8.944113159179687500e+01
8.586705017089843750e+01
1.026825485229492188e+02
1.031628112792968750e+02
9.109668731689453125e+01
7.683430480957031250e+01
8.716797637939453125e+01
8.612270355224609375e+01
8.306924438476562500e+01
9.396562957763671875e+01
7.717253112792968750e+01
1.040731811523437500e+02
1.122606964111328125e+02
9.609021759033203125e+01
8.453439331054687500e+01
8.894603729248046875e+01
8.380980682373046875e+01
9.816072082519531250e+01
9.396257019042968750e+01
8.221566772460937500e+01
9.097004699707031250e+01
1.059754943847656250e+02
9.592038726806640625e+01
7.226761627197265625e+01
8.960276031494140625e+01
1.043666152954101562e+02
9.795988464355468750e+01
9.395234680175781250e+01
1.056970977783203125e+02
9.670230102539062500e+01
9.977783203125000000e+01
9.741933441162109375e+01
9.173976135253906250e+01
7.970164489746093750e+01
6.672494506835937500e+01
1.128709716796875000e+02
7.407926177978515625e+01
9.339142608642578125e+01
9.009220123291015625e+01
9.932626342773437500e+01
8.200642395019531250e+01
9.332425689697265625e+01
8.190183258056640625e+01
8.875106048583984375e+01
9.022568511962890625e+01
1.052804718017578125e+02
9.461067199707031250e+01
8.279682159423828125e+01
9.285884857177734375e+01
1.059849624633789062e+02
6.440761566162109375e+01
9.916700744628906250e+01
7.754556274414062500e+01
7.843591308593750000e+01
8.248137664794921875e+01
9.298545074462890625e+01
1.380736389160156250e+02
1.001401214599609375e+02
8.065262603759765625e+01
1.011578216552734375e+02
1.051816864013671875e+02
1.087282714843750000e+02
8.900933837890625000e+01
7.984555053710937500e+01
7.790002441406250000e+01
1.158341217041015625e+02
1.253652191162109375e+02
6.920471954345703125e+01
8.786180114746093750e+01
9.859167480468750000e+01
9.353211212158203125e+01
8.812147521972656250e+01
9.856478881835937500e+01
7.944506835937500000e+01
8.827426910400390625e+01
9.030582427978515625e+01
1.037072448730468750e+02
1.000258941650390625e+02
9.415750122070312500e+01
9.478630828857421875e+01
9.359407806396484375e+01
8.726753234863281250e+01
9.944950103759765625e+01
8.765444183349609375e+01
9.508572387695312500e+01
9.994754791259765625e+01
1.127055740356445312e+02
1.032837219238281250e+02
9.713690948486328125e+01
8.404553222656250000e+01
9.978561401367187500e+01
1.013648147583007812e+02
1.018689727783203125e+02
9.233679962158203125e+01
8.998547363281250000e+01
8.220889282226562500e+01
8.903797149658203125e+01
1.133072738647460938e+02
7.387559509277343750e+01
9.955077362060546875e+01
8.446102142333984375e+01
7.389783477783203125e+01
1.054865722656250000e+02
8.398725891113281250e+01
8.987242126464843750e+01
1.001347732543945312e+02
8.873590850830078125e+01
9.259451293945312500e+01
7.945322418212890625e+01
8.609925079345703125e+01
8.469928741455078125e+01
9.525312805175781250e+01
8.974192047119140625e+01
8.113185119628906250e+01
1.022312469482421875e+02
8.102360534667968750e+01
9.039503479003906250e+01
8.270288085937500000e+01
1.147179565429687500e+02
1.044494247436523438e+02
1.008696746826171875e+02
9.164815521240234375e+01
9.926998138427734375e+01
8.769193267822265625e+01
1.027079238891601562e+02
1.283616333007812500e+02
6.897342681884765625e+01
8.557855987548828125e+01
9.002624511718750000e+01
8.518983459472656250e+01
9.534995269775390625e+01
1.090188980102539062e+02
7.934639739990234375e+01
1.028886184692382812e+02
9.278162384033203125e+01
9.162799072265625000e+01
9.006730651855468750e+01
8.013620758056640625e+01
9.087601470947265625e+01
7.978927612304687500e+01
9.484624481201171875e+01
9.547390747070312500e+01
8.852132415771484375e+01
1.075989990234375000e+02
8.657553100585937500e+01
1.138439941406250000e+02
8.589885711669921875e+01
8.737573242187500000e+01
9.178829956054687500e+01
1.188456726074218750e+02
1.030315322875976562e+02
9.082688140869140625e+01
1.229474945068359375e+02
7.122034454345703125e+01
8.956371307373046875e+01
8.777503204345703125e+01
9.420828247070312500e+01
8.673278808593750000e+01
1.074844436645507812e+02
9.726697540283203125e+01
8.640989685058593750e+01
1.050718231201171875e+02
9.430271911621093750e+01
8.678302001953125000e+01
9.231314086914062500e+01
8.582913208007812500e+01
1.010484619140625000e+02
1.017029571533203125e+02
8.404364776611328125e+01
1.029511718750000000e+02
8.845980834960937500e+01
7.241473388671875000e+01
9.936984252929687500e+01
8.783178710937500000e+01
1.167566757202148438e+02
9.564123535156250000e+01
8.696112060546875000e+01
9.314315032958984375e+01
1.086989974975585938e+02
1.020343093872070312e+02
7.201653289794921875e+01
1.010360488891601562e+02
8.890460968017578125e+01
9.769614410400390625e+01
9.872652435302734375e+01
1.153712234497070312e+02
9.019384765625000000e+01
9.711076354980468750e+01
8.025438690185546875e+01
9.142857360839843750e+01
8.530412292480468750e+01
1.053011474609375000e+02
1.167869110107421875e+02
9.996842193603515625e+01
1.070457458496093750e+02
9.722020721435546875e+01
9.547279357910156250e+01
7.720355224609375000e+01
9.523674011230468750e+01
9.173663330078125000e+01
8.579817199707031250e+01
8.249947357177734375e+01
1.171252593994140625e+02
8.818446350097656250e+01
9.860343170166015625e+01
7.285287475585937500e+01
8.236820983886718750e+01
8.861399078369140625e+01
1.184618682861328125e+02
1.343222198486328125e+02
8.297427368164062500e+01
9.561051940917968750e+01
9.223980712890625000e+01
9.276576995849609375e+01
9.173292541503906250e+01
1.174686203002929688e+02
1.098535232543945312e+02
8.368135070800781250e+01
9.991217041015625000e+01
9.267139434814453125e+01
8.439128112792968750e+01
1.036795654296875000e+02
8.035871887207031250e+01
9.234643554687500000e+01
9.105469512939453125e+01
7.419481658935546875e+01
1.107511825561523438e+02
1.020141067504882812e+02
7.851752471923828125e+01
1.083080749511718750e+02
9.486294555664062500e+01
9.129501342773437500e+01
1.072985229492187500e+02
9.298688507080078125e+01
7.668882751464843750e+01
8.529069519042968750e+01
9.092972564697265625e+01
9.023717498779296875e+01
9.890744781494140625e+01
8.969264221191406250e+01
1.060998687744140625e+02
8.162473297119140625e+01
1.082612228393554688e+02
9.624244689941406250e+01
8.457992553710937500e+01
9.024025726318359375e+01
1.043898315429687500e+02
8.481990051269531250e+01
1.044423751831054688e+02
8.264372253417968750e+01
9.382572937011718750e+01
6.515069580078125000e+01
8.825954437255859375e+01
8.470342254638671875e+01
9.246195983886718750e+01
5.729621124267578125e+01
8.933273315429687500e+01
8.335117340087890625e+01
9.018560028076171875e+01
9.528107452392578125e+01
8.264543914794921875e+01
9.243795013427734375e+01
1.098566741943359375e+02
7.956439971923828125e+01
9.910813140869140625e+01
9.188258361816406250e+01
1.044193572998046875e+02
7.910063934326171875e+01
9.921822357177734375e+01
1.172597351074218750e+02
9.166254425048828125e+01
9.068647003173828125e+01
1.038060302734375000e+02
9.607878875732421875e+01
1.198744812011718750e+02
8.589123535156250000e+01
9.016761779785156250e+01
9.815650177001953125e+01
9.565270996093750000e+01
8.489263916015625000e+01
1.082245712280273438e+02
8.543728637695312500e+01
6.545772552490234375e+01
8.666527557373046875e+01
8.031401062011718750e+01
