7.180128246545791626e-02
9.608791023492813110e-02
9.272284060716629028e-02
9.022060036659240723e-02
8.244392275810241699e-02
7.798298448324203491e-02
1.010796874761581421e-01
8.632601052522659302e-02
8.360307663679122925e-02
8.578348159790039062e-02
9.402442723512649536e-02
7.805578410625457764e-02
8.708454668521881104e-02
1.207164525985717773e-01
8.707326650619506836e-02
9.789622575044631958e-02
9.135471284389495850e-02
1.023984625935554504e-01
8.932846784591674805e-02
8.686240017414093018e-02
8.949589729309082031e-02
8.904698491096496582e-02
8.641666918992996216e-02
7.678354531526565552e-02
1.050752624869346619e-01
8.018885552883148193e-02
8.129052817821502686e-02
9.902741760015487671e-02
8.611965179443359375e-02
8.551633358001708984e-02
9.193512052297592163e-02
9.131275117397308350e-02
9.336924552917480469e-02
8.631686866283416748e-02
9.525299817323684692e-02
8.536406606435775757e-02
8.877854794263839722e-02
9.797438979148864746e-02
7.279165089130401611e-02
7.416276633739471436e-02
7.936060428619384766e-02
1.093102023005485535e-01
9.816478937864303589e-02
9.407827258110046387e-02
8.850912004709243774e-02
7.624381780624389648e-02
8.795034140348434448e-02
1.236674264073371887e-01
8.160372078418731689e-02
8.296240121126174927e-02
9.011320024728775024e-02
8.737045526504516602e-02
8.275574445724487305e-02
9.482138603925704956e-02
1.032830178737640381e-01
6.136265024542808533e-02
8.673709630966186523e-02
8.623428642749786377e-02
9.823923557996749878e-02
8.556395024061203003e-02
8.349627256393432617e-02
9.366125613451004028e-02
7.548741996288299561e-02
1.174626052379608154e-01
9.590574353933334351e-02
9.113244712352752686e-02
1.034705266356468201e-01
6.452631205320358276e-02
1.047983616590499878e-01
1.058114469051361084e-01
8.805270493030548096e-02
8.070541918277740479e-02
9.397890418767929077e-02
8.306546509265899658e-02
9.641525894403457642e-02
6.309495121240615845e-02
8.736043423414230347e-02
7.186132669448852539e-02
5.743791535496711731e-02
1.068743392825126648e-01
1.160183772444725037e-01
7.724779844284057617e-02
7.437419891357421875e-02
1.008689329028129578e-01
7.649006694555282593e-02
1.043733581900596619e-01
8.873186260461807251e-02
4.273343086242675781e-02
9.325270354747772217e-02
8.520143479108810425e-02
8.004332333803176880e-02
7.994613796472549438e-02
6.224054470658302307e-02
8.188755810260772705e-02
8.084187656641006470e-02
1.046516820788383484e-01
8.449908345937728882e-02
9.824807196855545044e-02
1.012604609131813049e-01
7.793018966913223267e-02
9.425199776887893677e-02
9.455770999193191528e-02
1.080569401383399963e-01
7.004589587450027466e-02
8.093269169330596924e-02
6.695514172315597534e-02
9.843975305557250977e-02
9.685470163822174072e-02
8.917836844921112061e-02
8.264747262001037598e-02
7.596858590841293335e-02
1.154274865984916687e-01
8.463248610496520996e-02
9.269657731056213379e-02
8.615210652351379395e-02
9.806520491838455200e-02
8.868133276700973511e-02
9.468399733304977417e-02
7.936171442270278931e-02
8.720603585243225098e-02
9.254226833581924438e-02
1.047023907303810120e-01
8.865632116794586182e-02
9.386514872312545776e-02
9.266488999128341675e-02
7.356988638639450073e-02
8.927468210458755493e-02
9.451577812433242798e-02
8.116477727890014648e-02
1.063446998596191406e-01
9.786538779735565186e-02
9.605894237756729126e-02
8.787290751934051514e-02
9.624056518077850342e-02
9.502686560153961182e-02
7.138922810554504395e-02
6.991212815046310425e-02
7.121604681015014648e-02
1.027343496680259705e-01
8.446658402681350708e-02
7.860211282968521118e-02
9.445389360189437866e-02
8.300741761922836304e-02
7.629071176052093506e-02
1.225648745894432068e-01
9.953998774290084839e-02
1.232545152306556702e-01
9.783140569925308228e-02
8.591090142726898193e-02
7.049648463726043701e-02
9.874609112739562988e-02
7.293771952390670776e-02
9.023703634738922119e-02
8.425385504961013794e-02
7.267728447914123535e-02
1.069961860775947571e-01
9.993687272071838379e-02
9.921313077211380005e-02
7.378569245338439941e-02
9.099064022302627563e-02
8.797784894704818726e-02
9.670304507017135620e-02
8.482944220304489136e-02
8.881743252277374268e-02
8.966569602489471436e-02
1.058481410145759583e-01
6.915696710348129272e-02
7.428691536188125610e-02
1.022049933671951294e-01
7.646217197179794312e-02
7.551167160272598267e-02
1.013153418898582458e-01
9.033580124378204346e-02
8.965406566858291626e-02
8.384488523006439209e-02
9.181878715753555298e-02
8.755272626876831055e-02
8.032034337520599365e-02
1.069765388965606689e-01
8.861651271581649780e-02
8.003251999616622925e-02
1.006333455443382263e-01
7.517337054014205933e-02
8.223399519920349121e-02
9.254792332649230957e-02
8.619485050439834595e-02
1.119677945971488953e-01
1.024868637323379517e-01
9.764074534177780151e-02
9.120821207761764526e-02
9.449207037687301636e-02
8.465508371591567993e-02
8.301852643489837646e-02
8.748853206634521484e-02
8.492327481508255005e-02
9.042493999004364014e-02
7.905707508325576782e-02
9.752164781093597412e-02
1.118323355913162231e-01
7.897441089153289795e-02
8.362536132335662842e-02
7.671350985765457153e-02
1.077143177390098572e-01
9.660041332244873047e-02
8.630707859992980957e-02
7.501209527254104614e-02
1.034584194421768188e-01
9.667011350393295288e-02
6.430584192276000977e-02
1.010422408580780029e-01
8.375798165798187256e-02
7.841559499502182007e-02
1.171919256448745728e-01
6.342010945081710815e-02
7.733634114265441895e-02
7.677713781595230103e-02
7.648212462663650513e-02
8.956179022789001465e-02
8.915667980909347534e-02
9.714415669441223145e-02
1.090624704957008362e-01
6.749208271503448486e-02
1.050224080681800842e-01
9.951451420783996582e-02
1.032156869769096375e-01
8.993335813283920288e-02
8.121968805789947510e-02
9.397649765014648438e-02
6.730180978775024414e-02
9.564040601253509521e-02
9.311511367559432983e-02
8.042023330926895142e-02
7.562303543090820312e-02
8.337692171335220337e-02
1.007738411426544189e-01
8.107802271842956543e-02
7.372271269559860229e-02
7.837455719709396362e-02
5.549118667840957642e-02
8.654548227787017822e-02
8.589905500411987305e-02
8.440376073122024536e-02
1.147952377796173096e-01
9.579083323478698730e-02
9.921219199895858765e-02
7.515548914670944214e-02
8.290985226631164551e-02
9.444808959960937500e-02
9.336738288402557373e-02
8.140290528535842896e-02
9.620268642902374268e-02
7.699013501405715942e-02
7.166686654090881348e-02
9.872546046972274780e-02
8.006264269351959229e-02
7.933557033538818359e-02
9.372150897979736328e-02
8.792129904031753540e-02
8.176226913928985596e-02
1.000811979174613953e-01
7.012265920639038086e-02
8.281493186950683594e-02
9.104516357183456421e-02
9.126149863004684448e-02
9.290776401758193970e-02
8.302753418684005737e-02
8.374524116516113281e-02
8.378881961107254028e-02
8.509346097707748413e-02
9.151387959718704224e-02
1.028020977973937988e-01
5.742130428552627563e-02
9.287147223949432373e-02
1.111485958099365234e-01
7.838343083858489990e-02
7.430655509233474731e-02
8.849943429231643677e-02
8.829301595687866211e-02
6.874323636293411255e-02
9.142554551362991333e-02
9.228911250829696655e-02
6.900672614574432373e-02
7.909519225358963013e-02
8.480877429246902466e-02
8.729100972414016724e-02
4.831106960773468018e-02
7.096181809902191162e-02
9.605695307254791260e-02
9.485749155282974243e-02
9.916146844625473022e-02
6.616248190402984619e-02
1.021058037877082825e-01
9.159879386425018311e-02
5.733019858598709106e-02
7.534698396921157837e-02
7.778302580118179321e-02
7.798828184604644775e-02
8.630646765232086182e-02
9.036207944154739380e-02
6.910474598407745361e-02
9.013264626264572144e-02
9.654352068901062012e-02
6.756094098091125488e-02
8.957511931657791138e-02
1.038024351000785828e-01
1.056333854794502258e-01
1.023625433444976807e-01
7.791050523519515991e-02
7.452720403671264648e-02
1.003396287560462952e-01
1.076338738203048706e-01
1.015395969152450562e-01
6.798700988292694092e-02
1.088053435087203979e-01
9.193027019500732422e-02
8.299805968999862671e-02
9.361912310123443604e-02
8.774308115243911743e-02
7.688748091459274292e-02
8.272239565849304199e-02
1.010915413498878479e-01
7.630180567502975464e-02
7.909815758466720581e-02
8.242883533239364624e-02
5.583290383219718933e-02
8.203469961881637573e-02
6.413688510656356812e-02
1.031524166464805603e-01
8.965570479631423950e-02
9.477090835571289062e-02
1.314805448055267334e-01
9.133679419755935669e-02
9.114322066307067871e-02
8.204471319913864136e-02
8.327802270650863647e-02
7.336086034774780273e-02
9.297712147235870361e-02
6.360399723052978516e-02
7.928299903869628906e-02
9.609290212392807007e-02
7.751817256212234497e-02
7.128620147705078125e-02
8.595009893178939819e-02
8.008994907140731812e-02
1.052188426256179810e-01
1.280667334794998169e-01
8.843939006328582764e-02
7.879405468702316284e-02
8.644384145736694336e-02
8.348452299833297729e-02
7.910384982824325562e-02
1.002939641475677490e-01
1.249348744750022888e-01
8.212169259786605835e-02
8.027851581573486328e-02
1.135278865694999695e-01
9.599182754755020142e-02
9.103361517190933228e-02
8.013457804918289185e-02
1.133527904748916626e-01
9.448534995317459106e-02
7.636357843875885010e-02
1.004066988825798035e-01
7.919631153345108032e-02
1.013258621096611023e-01
9.336815029382705688e-02
8.487019687891006470e-02
8.051273971796035767e-02
9.441097825765609741e-02
7.861731201410293579e-02
8.854655176401138306e-02
6.906525790691375732e-02
7.968961447477340698e-02
9.129343181848526001e-02
8.100633323192596436e-02
9.406185150146484375e-02
9.886795282363891602e-02
1.244666948914527893e-01
8.990250527858734131e-02
8.360780030488967896e-02
8.998616039752960205e-02
9.731177985668182373e-02
7.747852802276611328e-02
9.346406906843185425e-02
7.283195853233337402e-02
1.011789590120315552e-01
8.897917717695236206e-02
8.831737190485000610e-02
1.033123508095741272e-01
9.767558425664901733e-02
7.953732460737228394e-02
8.310757577419281006e-02
9.093388170003890991e-02
8.210925757884979248e-02
9.886366873979568481e-02
9.520899504423141479e-02
8.420971035957336426e-02
9.755050390958786011e-02
9.297817200422286987e-02
8.531023561954498291e-02
7.704787701368331909e-02
8.058406412601470947e-02
9.374706447124481201e-02
6.932684034109115601e-02
6.371779739856719971e-02
8.646790683269500732e-02
9.420616179704666138e-02
9.548727422952651978e-02
8.306125551462173462e-02
1.083402335643768311e-01
9.374056011438369751e-02
5.932352691888809204e-02
8.606275171041488647e-02
1.055303663015365601e-01
7.499802857637405396e-02
9.594283252954483032e-02
9.029696881771087646e-02
1.086609140038490295e-01
1.022825017571449280e-01
1.053766086697578430e-01
9.746795147657394409e-02
9.285274147987365723e-02
6.658356636762619019e-02
9.734323620796203613e-02
6.307645887136459351e-02
9.632967412471771240e-02
9.694407135248184204e-02
9.887290000915527344e-02
8.238042145967483521e-02
7.956621795892715454e-02
7.441745698451995850e-02
9.401314705610275269e-02
9.211152046918869019e-02
7.891626656055450439e-02
9.013652056455612183e-02
1.103593483567237854e-01
9.696349501609802246e-02
1.046042218804359436e-01
7.752212882041931152e-02
8.027351647615432739e-02
8.006118237972259521e-02
1.026628166437149048e-01
9.920815378427505493e-02
9.275268763303756714e-02
9.858426451683044434e-02
8.753858506679534912e-02
9.806027263402938843e-02
8.215794712305068970e-02
7.783590257167816162e-02
9.180557727813720703e-02
9.005920588970184326e-02
7.994540780782699585e-02
6.656185537576675415e-02
8.936365693807601929e-02
8.958536386489868164e-02
7.485482096672058105e-02
1.135477051138877869e-01
1.318375915288925171e-01
8.628384768962860107e-02
9.627149254083633423e-02
8.699829876422882080e-02
7.583373039960861206e-02
6.519551575183868408e-02
8.337911218404769897e-02
9.174993634223937988e-02
1.012453064322471619e-01
8.862558007240295410e-02
8.365738391876220703e-02
9.548623114824295044e-02
8.614816516637802124e-02
7.857426255941390991e-02
7.875346392393112183e-02
1.155206486582756042e-01
9.032104164361953735e-02
8.445505052804946899e-02
7.984182238578796387e-02
7.983765751123428345e-02
1.114633977413177490e-01
9.168568253517150879e-02
1.008971780538558960e-01
8.990947157144546509e-02
8.922614157199859619e-02
1.030091419816017151e-01
9.282911568880081177e-02
1.057810038328170776e-01
7.597722858190536499e-02
8.328815549612045288e-02
9.097024053335189819e-02
9.421755373477935791e-02
8.550167828798294067e-02
8.937635272741317749e-02
5.925301462411880493e-02
5.942330881953239441e-02
9.357301145792007446e-02
8.660253882408142090e-02
9.843376278877258301e-02
9.784609824419021606e-02
1.009814888238906860e-01
8.472963422536849976e-02
8.695423603057861328e-02
6.888407468795776367e-02
8.211287856101989746e-02
6.271423399448394775e-02
6.204112246632575989e-02
1.037277281284332275e-01
1.029901355504989624e-01
7.364037632942199707e-02
1.128881052136421204e-01
1.056789904832839966e-01
1.277072578668594360e-01
8.172465115785598755e-02
9.163840115070343018e-02
1.022771000862121582e-01
8.057650178670883179e-02
7.699055969715118408e-02
9.056077152490615845e-02
9.112133830785751343e-02
9.101480990648269653e-02
7.770393043756484985e-02
9.167113155126571655e-02
8.405533432960510254e-02
8.106058835983276367e-02
8.284081518650054932e-02
9.907633811235427856e-02
1.265728920698165894e-01
1.005851179361343384e-01
7.626955211162567139e-02
1.007527038455009460e-01
9.606575220823287964e-02
9.422630071640014648e-02
1.171754971146583557e-01
9.781294316053390503e-02
6.495358794927597046e-02
7.201416045427322388e-02
9.977295994758605957e-02
9.211402386426925659e-02
9.432058036327362061e-02
1.179139390587806702e-01
8.884342759847640991e-02
9.747467935085296631e-02
1.051225438714027405e-01
1.047377437353134155e-01
9.013295918703079224e-02
8.619650453329086304e-02
8.185051381587982178e-02
1.464105397462844849e-01
7.550049573183059692e-02
9.504286944866180420e-02
8.541908115148544312e-02
9.467171877622604370e-02
7.642976939678192139e-02
8.351237326860427856e-02
1.020450294017791748e-01
8.697924017906188965e-02
8.883509784936904907e-02
9.937389194965362549e-02
8.741898834705352783e-02
5.335669964551925659e-02
1.036534905433654785e-01
6.266066431999206543e-02
9.536667913198471069e-02
1.088893786072731018e-01
8.349561691284179688e-02
9.403804689645767212e-02
7.111360877752304077e-02
1.028986051678657532e-01
7.469704747200012207e-02
9.526827931404113770e-02
1.021560057997703552e-01
8.565030246973037720e-02
1.006755009293556213e-01
1.209202483296394348e-01
8.637780696153640747e-02
9.432953596115112305e-02
9.585715085268020630e-02
9.143327921628952026e-02
9.569742530584335327e-02
6.904335319995880127e-02
1.089951619505882263e-01
9.952885657548904419e-02
4.803664609789848328e-02
7.197047770023345947e-02
1.003510877490043640e-01
1.215947270393371582e-01
3.237655013799667358e-02
7.423558086156845093e-02
1.105087623000144958e-01
1.076258048415184021e-01
8.342899382114410400e-02
8.150884509086608887e-02
9.706546366214752197e-02
9.517534822225570679e-02
1.000810787081718445e-01
8.758632838726043701e-02
8.355748653411865234e-02
8.937690407037734985e-02
6.235686317086219788e-02
8.125615119934082031e-02
9.469830989837646484e-02
4.966431483626365662e-02
8.780216425657272339e-02
5.529601871967315674e-02
7.113154232501983643e-02
8.279000967741012573e-02
8.277854323387145996e-02
9.479806572198867798e-02
8.389575034379959106e-02
5.812305584549903870e-02
8.838984370231628418e-02
6.044039130210876465e-02
9.419558197259902954e-02
8.851435780525207520e-02
7.469096779823303223e-02
8.418194204568862915e-02
9.325443208217620850e-02
7.944881916046142578e-02
9.625157713890075684e-02
9.582221508026123047e-02
8.809266239404678345e-02
7.309769093990325928e-02
9.406442940235137939e-02
9.167832881212234497e-02
6.284263730049133301e-02
1.144374981522560120e-01
7.416137307882308960e-02
1.041539311408996582e-01
1.043894663453102112e-01
8.932862430810928345e-02
1.079863235354423523e-01
8.510323613882064819e-02
8.917206525802612305e-02
9.032043069601058960e-02
8.108392357826232910e-02
8.619340509176254272e-02
1.116732284426689148e-01
4.832224547863006592e-02
7.504820078611373901e-02
8.489770442247390747e-02
9.587890654802322388e-02
8.933424949645996094e-02
8.475971966981887817e-02
7.687773555517196655e-02
1.087263897061347961e-01
8.283662050962448120e-02
8.619853854179382324e-02
7.366985827684402466e-02
5.693639814853668213e-02
1.007454469799995422e-01
7.092768698930740356e-02
1.310485750436782837e-01
7.532737404108047485e-02
9.292648732662200928e-02
7.896528393030166626e-02
7.323452085256576538e-02
8.351264148950576782e-02
8.376037329435348511e-02
1.040285378694534302e-01
9.102157503366470337e-02
1.049091070890426636e-01
8.232863247394561768e-02
1.001689210534095764e-01
1.018208712339401245e-01
9.079219400882720947e-02
8.773414045572280884e-02
8.562532812356948853e-02
1.053698435425758362e-01
7.460790872573852539e-02
1.049257814884185791e-01
7.250732183456420898e-02
9.845060855150222778e-02
1.001008301973342896e-01
8.130983263254165649e-02
9.728018939495086670e-02
8.514549583196640015e-02
9.446552395820617676e-02
7.076773047447204590e-02
8.951164036989212036e-02
7.395038008689880371e-02
9.127590060234069824e-02
9.387018531560897827e-02
8.398639410734176636e-02
6.746033579111099243e-02
8.033907413482666016e-02
1.213091760873794556e-01
7.842565327882766724e-02
7.905681431293487549e-02
7.337959855794906616e-02
8.509525656700134277e-02
9.332532435655593872e-02
5.237448588013648987e-02
7.928994297981262207e-02
1.007411330938339233e-01
9.740219265222549438e-02
1.099272668361663818e-01
9.239859879016876221e-02
1.122089549899101257e-01
1.220018267631530762e-01
7.773229479789733887e-02
9.606171399354934692e-02
8.346752077341079712e-02
8.530168980360031128e-02
8.971676975488662720e-02
8.578977733850479126e-02
8.403155952692031860e-02
8.991206437349319458e-02
9.845416992902755737e-02
7.400725036859512329e-02
8.504974842071533203e-02
7.898139208555221558e-02
1.201941519975662231e-01
8.483444899320602417e-02
7.731577008962631226e-02
8.438225835561752319e-02
8.125378191471099854e-02
8.204135298728942871e-02
8.002153038978576660e-02
1.127983108162879944e-01
8.119006454944610596e-02
1.087402552366256714e-01
7.046558707952499390e-02
9.442631900310516357e-02
8.947338908910751343e-02
8.716628700494766235e-02
9.531340748071670532e-02
7.510100305080413818e-02
1.101634129881858826e-01
8.237910270690917969e-02
9.376750141382217407e-02
1.159177497029304504e-01
7.486797124147415161e-02
8.509425073862075806e-02
9.006119519472122192e-02
1.808994412422180176e-01
7.149408012628555298e-02
9.292918443679809570e-02
7.384455204010009766e-02
1.052809059619903564e-01
7.329654693603515625e-02
9.548337012529373169e-02
8.032768219709396362e-02
9.490739554166793823e-02
7.932818681001663208e-02
8.554274588823318481e-02
8.515330404043197632e-02
1.024536937475204468e-01
9.032792598009109497e-02
8.391341567039489746e-02
8.752810209989547729e-02
9.104500710964202881e-02
1.033906936645507812e-01
1.034273058176040649e-01
6.500158458948135376e-02
7.711195200681686401e-02
9.027559310197830200e-02
7.640039175748825073e-02
9.950266778469085693e-02
5.970650538802146912e-02
8.710330724716186523e-02
1.030797958374023438e-01
8.706109225749969482e-02
8.982926607131958008e-02
1.056617870926856995e-01
8.841242641210556030e-02
9.676594287157058716e-02
8.494504541158676147e-02
7.731354236602783203e-02
8.499377220869064331e-02
9.858538210391998291e-02
9.723159670829772949e-02
8.918223530054092407e-02
9.080953150987625122e-02
1.011059880256652832e-01
8.471926301717758179e-02
1.106061041355133057e-01
9.910201281309127808e-02
8.843166381120681763e-02
8.726070076227188110e-02
7.254920154809951782e-02
8.877084404230117798e-02
1.073847413063049316e-01
1.008014231920242310e-01
7.819309830665588379e-02
1.050373986363410950e-01
6.482973694801330566e-02
1.081025600433349609e-01
7.939495891332626343e-02
9.719330817461013794e-02
1.112612485885620117e-01
8.817953616380691528e-02
9.127652645111083984e-02
9.859871864318847656e-02
9.852296859025955200e-02
9.129925817251205444e-02
9.244447946548461914e-02
1.242871060967445374e-01
8.167401701211929321e-02
9.554728865623474121e-02
9.799709171056747437e-02
6.745792925357818604e-02
8.846185356378555298e-02
8.262022584676742554e-02
7.591702789068222046e-02
8.839029818773269653e-02
9.513997286558151245e-02
1.053738221526145935e-01
9.925523400306701660e-02
1.144385933876037598e-01
7.361302524805068970e-02
8.728571236133575439e-02
