1.848479628562927246e+00
1.398345112800598145e+00
1.931689381599426270e+00
1.977982401847839355e+00
2.360173225402832031e+00
2.508055448532104492e+00
1.654505014419555664e+00
2.291289806365966797e+00
7.316388487815856934e-01
2.284395694732666016e+00
1.039902687072753906e+00
9.510468244552612305e-01
8.705809116363525391e-01
1.250723004341125488e+00
2.434546470642089844e+00
1.247965812683105469e+00
2.312437534332275391e+00
2.073057651519775391e+00
8.023248910903930664e-01
2.337514877319335938e+00
8.862806558609008789e-01
2.369325399398803711e+00
1.801778435707092285e+00
1.040458917617797852e+00
3.098001003265380859e+00
1.173405051231384277e+00
2.088935375213623047e+00
3.067262411117553711e+00
1.437685608863830566e+00
1.262803316116333008e+00
2.050004959106445312e+00
1.302352070808410645e+00
1.039417743682861328e+00
3.172784328460693359e+00
1.321463584899902344e+00
1.325123667716979980e+00
1.248142004013061523e+00
8.141110539436340332e-01
1.193258404731750488e+00
1.708989381790161133e+00
1.114952325820922852e+00
8.969165682792663574e-01
9.084791541099548340e-01
3.096099615097045898e+00
1.193589687347412109e+00
4.964276313781738281e+00
1.985219120979309082e+00
3.154448270797729492e+00
2.931018352508544922e+00
2.942199230194091797e+00
1.742232799530029297e+00
2.742944478988647461e+00
3.269035816192626953e+00
1.317541718482971191e+00
1.242688298225402832e+00
8.690602183341979980e-01
6.899949908256530762e-01
1.629084229469299316e+00
1.101727962493896484e+00
9.137864708900451660e-01
9.442359209060668945e-01
2.442505359649658203e+00
1.176598310470581055e+00
2.038280248641967773e+00
8.969290852546691895e-01
1.709315776824951172e+00
2.527833223342895508e+00
1.095174431800842285e+00
2.190318346023559570e+00
2.056504964828491211e+00
1.319487810134887695e+00
2.017709732055664062e+00
2.164983510971069336e+00
2.724111557006835938e+00
1.595096588134765625e+00
8.990669846534729004e-01
2.305892229080200195e+00
1.985258579254150391e+00
9.632281064987182617e-01
1.013499379158020020e+00
1.183168411254882812e+00
2.271769762039184570e+00
1.461022257804870605e+00
8.715722560882568359e-01
3.035982370376586914e+00
2.093896150588989258e+00
2.089914321899414062e+00
3.993011713027954102e+00
9.433953166007995605e-01
1.042566299438476562e+00
9.745308160781860352e-01
1.731301069259643555e+00
2.246864318847656250e+00
1.368609905242919922e+00
2.925928354263305664e+00
2.310636043548583984e+00
1.206636667251586914e+00
8.458868861198425293e-01
2.764667034149169922e+00
8.705484271049499512e-01
9.081177711486816406e-01
2.645422935485839844e+00
2.285666227340698242e+00
2.165349721908569336e+00
1.418410420417785645e+00
1.533927559852600098e+00
1.248042464256286621e+00
1.729164838790893555e+00
1.244001507759094238e+00
8.771003484725952148e-01
1.851596832275390625e+00
9.732854962348937988e-01
1.764203429222106934e+00
2.382081985473632812e+00
8.707560300827026367e-01
1.003029346466064453e+00
2.053191423416137695e+00
8.917292952537536621e-01
1.140936732292175293e+00
1.293375134468078613e+00
2.329669713973999023e+00
1.250274419784545898e+00
2.280575275421142578e+00
1.070217609405517578e+00
2.062085151672363281e+00
2.194040536880493164e+00
3.415876865386962891e+00
2.853026628494262695e+00
2.518610000610351562e+00
2.669586896896362305e+00
1.037341237068176270e+00
1.103482484817504883e+00
1.462442874908447266e+00
2.735926389694213867e+00
2.590696096420288086e+00
9.461587667465209961e-01
1.123517990112304688e+00
3.158007383346557617e+00
9.000645279884338379e-01
2.404946327209472656e+00
1.416408658027648926e+00
1.248008608818054199e+00
2.388889074325561523e+00
7.984060645103454590e-01
1.132258415222167969e+00
2.577345848083496094e+00
2.746316432952880859e+00
9.859657883644104004e-01
1.587249875068664551e+00
2.252840042114257812e+00
1.557537436485290527e+00
1.157160282135009766e+00
1.982553601264953613e+00
1.888427257537841797e+00
8.100425601005554199e-01
1.552259683609008789e+00
8.361142277717590332e-01
4.142874240875244141e+00
9.414578080177307129e-01
1.262401938438415527e+00
1.432980775833129883e+00
2.855927705764770508e+00
8.086456656455993652e-01
8.923763632774353027e-01
1.103878140449523926e+00
2.348280429840087891e+00
1.369336485862731934e+00
7.010354995727539062e-01
9.002054333686828613e-01
1.533707618713378906e+00
2.204146862030029297e+00
1.692493677139282227e+00
1.819194912910461426e+00
1.646864652633666992e+00
2.498275995254516602e+00
1.016213655471801758e+00
1.688305854797363281e+00
1.114077568054199219e+00
2.799049615859985352e+00
9.884281158447265625e-01
7.775497436523437500e-01
1.836717128753662109e+00
1.884120464324951172e+00
7.168580293655395508e-01
7.995511889457702637e-01
8.541753888130187988e-01
1.506706833839416504e+00
3.053269147872924805e+00
2.049608230590820312e+00
2.082645177841186523e+00
2.735471725463867188e+00
1.457402467727661133e+00
1.787084698677062988e+00
2.095649480819702148e+00
3.435097217559814453e+00
2.234705686569213867e+00
9.890291690826416016e-01
2.442528963088989258e+00
1.197816014289855957e+00
9.772544503211975098e-01
1.440744042396545410e+00
1.110854506492614746e+00
1.572424530982971191e+00
2.805368661880493164e+00
9.434986114501953125e-01
8.356935381889343262e-01
3.006058454513549805e+00
8.054693937301635742e-01
1.122929215431213379e+00
1.334365844726562500e+00
1.291940569877624512e+00
1.034684181213378906e+00
2.329777956008911133e+00
9.377908110618591309e-01
9.866509437561035156e-01
1.666334509849548340e+00
1.103862643241882324e+00
1.135955691337585449e+00
1.747215032577514648e+00
2.404087543487548828e+00
1.066275954246520996e+00
1.600316405296325684e+00
8.781247138977050781e-01
2.032011747360229492e+00
2.294683218002319336e+00
2.456309080123901367e+00
1.712325692176818848e+00
1.674817323684692383e+00
7.026190161705017090e-01
2.190699100494384766e+00
1.357231855392456055e+00
1.209342598915100098e+00
8.759799599647521973e-01
1.834462404251098633e+00
1.250459074974060059e+00
1.411293864250183105e+00
1.322556972503662109e+00
1.110251784324645996e+00
1.203710913658142090e+00
2.092628955841064453e+00
9.338710904121398926e-01
1.297221302986145020e+00
9.281157851219177246e-01
1.502309322357177734e+00
1.095702290534973145e+00
1.682895421981811523e+00
1.317579030990600586e+00
2.835779905319213867e+00
1.045214772224426270e+00
1.034092068672180176e+00
2.379665613174438477e+00
8.532121777534484863e-01
1.339847207069396973e+00
2.357934951782226562e+00
2.329024314880371094e+00
9.628972411155700684e-01
3.074708938598632812e+00
1.071960568428039551e+00
1.073816418647766113e+00
2.519833564758300781e+00
1.154143095016479492e+00
1.585974812507629395e+00
2.329776763916015625e+00
2.207151412963867188e+00
1.063907742500305176e+00
1.311293482780456543e+00
1.269697427749633789e+00
8.858559131622314453e-01
1.909409880638122559e+00
1.258174419403076172e+00
1.892394542694091797e+00
1.027044653892517090e+00
2.380696535110473633e+00
2.001964807510375977e+00
2.060679435729980469e+00
3.106901168823242188e+00
1.427570343017578125e+00
2.774974822998046875e+00
1.054523468017578125e+00
1.679317116737365723e+00
2.736238241195678711e+00
2.688838481903076172e+00
1.418605089187622070e+00
2.787892580032348633e+00
2.300741434097290039e+00
5.934649109840393066e-01
9.530212879180908203e-01
1.243688583374023438e+00
1.449735760688781738e+00
1.496696591377258301e+00
9.114620685577392578e-01
1.565121412277221680e+00
2.564639329910278320e+00
8.877890110015869141e-01
1.827851533889770508e+00
9.202401041984558105e-01
3.510020971298217773e+00
1.174080491065979004e+00
7.418726682662963867e-01
8.604444861412048340e-01
1.484753489494323730e+00
8.429486155509948730e-01
2.341812372207641602e+00
1.236808419227600098e+00
8.609558343887329102e-01
1.825203895568847656e+00
1.270173668861389160e+00
2.736608505249023438e+00
7.772477865219116211e-01
2.148924827575683594e+00
2.668786287307739258e+00
8.816355466842651367e-01
1.953909754753112793e+00
1.553637266159057617e+00
1.111128926277160645e+00
1.318894624710083008e+00
1.079349637031555176e+00
2.377178907394409180e+00
7.567088603973388672e-01
8.790915012359619141e-01
2.712188720703125000e+00
1.388693928718566895e+00
1.955539345741271973e+00
9.907988309860229492e-01
2.951022624969482422e+00
1.175647974014282227e+00
5.570018768310546875e+00
1.266830682754516602e+00
1.673021435737609863e+00
1.199298620223999023e+00
2.262843847274780273e+00
2.081639766693115234e+00
1.134021878242492676e+00
1.104861855506896973e+00
1.361703991889953613e+00
5.298333644866943359e+00
1.624945640563964844e+00
1.707999944686889648e+00
2.748173713684082031e+00
1.342935562133789062e+00
1.657871842384338379e+00
3.034808874130249023e+00
9.748585820198059082e-01
2.192234754562377930e+00
1.275008440017700195e+00
1.446710109710693359e+00
2.981349945068359375e+00
1.182374954223632812e+00
8.496618866920471191e-01
2.098618745803833008e+00
1.016873836517333984e+00
1.635045886039733887e+00
1.182658910751342773e+00
1.162224292755126953e+00
3.446209192276000977e+00
1.789987802505493164e+00
1.522254228591918945e+00
1.618276953697204590e+00
9.254877567291259766e-01
3.288917541503906250e+00
5.636758208274841309e-01
2.418123006820678711e+00
2.714277744293212891e+00
1.660193085670471191e+00
1.540954232215881348e+00
8.554443120956420898e-01
8.422228097915649414e-01
1.174779653549194336e+00
1.971693158149719238e+00
1.552372932434082031e+00
1.977088212966918945e+00
2.118213653564453125e+00
3.324675798416137695e+00
1.163073420524597168e+00
1.194352030754089355e+00
1.063407063484191895e+00
1.189504265785217285e+00
2.227520942687988281e+00
1.062533974647521973e+00
2.332394123077392578e+00
2.110012531280517578e+00
7.510929703712463379e-01
8.163058757781982422e-01
2.208611488342285156e+00
1.263168573379516602e+00
1.502349138259887695e+00
2.363453149795532227e+00
1.360449314117431641e+00
2.694248676300048828e+00
2.048318386077880859e+00
1.973771452903747559e+00
1.724706768989562988e+00
2.890437841415405273e+00
1.332991480827331543e+00
2.060933113098144531e+00
2.413913249969482422e+00
1.799250125885009766e+00
3.003478527069091797e+00
8.956028223037719727e-01
1.033022046089172363e+00
2.801354646682739258e+00
2.323133707046508789e+00
1.697712421417236328e+00
1.035680890083312988e+00
2.150697231292724609e+00
2.123851299285888672e+00
2.566825389862060547e+00
1.290100336074829102e+00
1.116798162460327148e+00
1.774695634841918945e+00
1.272617578506469727e+00
2.883336305618286133e+00
1.292361617088317871e+00
1.068536520004272461e+00
1.921328425407409668e+00
1.622585058212280273e+00
2.758499622344970703e+00
1.239675998687744141e+00
2.789892196655273438e+00
8.377464413642883301e-01
1.738296866416931152e+00
1.209287285804748535e+00
9.182617664337158203e-01
3.511185169219970703e+00
1.048052668571472168e+00
2.220347166061401367e+00
1.659363985061645508e+00
1.887755632400512695e+00
1.419251084327697754e+00
8.823585510253906250e-01
3.086056709289550781e+00
1.571575164794921875e+00
2.618551492691040039e+00
1.658896803855895996e+00
1.384602665901184082e+00
1.312130689620971680e+00
1.517844319343566895e+00
1.084828853607177734e+00
1.020922303199768066e+00
2.195972442626953125e+00
1.537704825401306152e+00
1.298834443092346191e+00
3.807122468948364258e+00
2.688656568527221680e+00
1.543771386146545410e+00
1.094125509262084961e+00
6.854448318481445312e-01
1.222362279891967773e+00
2.316543102264404297e+00
1.519256591796875000e+00
1.686696290969848633e+00
1.036396145820617676e+00
2.181634902954101562e+00
9.941452145576477051e-01
1.045189619064331055e+00
6.565935611724853516e-01
1.598771214485168457e+00
1.719728469848632812e+00
1.141601443290710449e+00
7.897319793701171875e-01
2.614065647125244141e+00
8.357086777687072754e-01
1.668310642242431641e+00
8.348878622055053711e-01
1.558814167976379395e+00
2.635250806808471680e+00
1.353848814964294434e+00
1.348849415779113770e+00
2.115458250045776367e+00
1.493853449821472168e+00
2.076790809631347656e+00
1.670302867889404297e+00
9.907156229019165039e-01
2.661773681640625000e+00
1.570214271545410156e+00
1.040271759033203125e+00
1.710047960281372070e+00
2.253052234649658203e+00
1.854820609092712402e+00
8.975549340248107910e-01
1.781023740768432617e+00
1.243997097015380859e+00
1.030624628067016602e+00
2.324601173400878906e+00
1.358949065208435059e+00
7.609176039695739746e-01
2.287286758422851562e+00
1.371166586875915527e+00
1.251603364944458008e+00
2.050551652908325195e+00
1.036098957061767578e+00
8.393711447715759277e-01
9.250052571296691895e-01
1.808241605758666992e+00
1.885381221771240234e+00
2.753320932388305664e+00
2.339132070541381836e+00
9.702898263931274414e-01
1.256903886795043945e+00
1.068349599838256836e+00
9.018456935882568359e-01
9.972918629646301270e-01
1.386184573173522949e+00
1.064746975898742676e+00
8.627426624298095703e-01
2.771417379379272461e+00
2.091864347457885742e+00
2.105056762695312500e+00
1.826179504394531250e+00
3.199175596237182617e+00
1.820832729339599609e+00
1.692819833755493164e+00
1.046360135078430176e+00
1.133344888687133789e+00
1.255073070526123047e+00
2.128979206085205078e+00
2.178766012191772461e+00
1.880391001701354980e+00
8.503979444503784180e-01
1.321749925613403320e+00
2.059958934783935547e+00
2.364444255828857422e+00
1.220040082931518555e+00
2.241687059402465820e+00
8.705648183822631836e-01
2.148255109786987305e+00
1.058467745780944824e+00
1.721927642822265625e+00
1.341918587684631348e+00
2.460867643356323242e+00
9.989292025566101074e-01
2.684375286102294922e+00
1.178183317184448242e+00
3.129812240600585938e+00
2.131689310073852539e+00
9.483911991119384766e-01
4.370151519775390625e+00
1.739474415779113770e+00
2.992888689041137695e+00
3.205122470855712891e+00
9.398788809776306152e-01
9.952250719070434570e-01
3.132033824920654297e+00
1.172554254531860352e+00
1.994372248649597168e+00
8.766331672668457031e-01
9.639441370964050293e-01
2.431833267211914062e+00
8.633009791374206543e-01
1.012847423553466797e+00
1.308377265930175781e+00
2.627928495407104492e+00
1.582862257957458496e+00
1.295940041542053223e+00
1.157848477363586426e+00
2.344815731048583984e+00
1.944684267044067383e+00
9.660554528236389160e-01
9.112047553062438965e-01
1.976895093917846680e+00
1.066734313964843750e+00
3.123502969741821289e+00
2.312213182449340820e+00
9.625074267387390137e-01
1.353163838386535645e+00
1.610813140869140625e+00
1.109227299690246582e+00
7.811551094055175781e-01
1.798816323280334473e+00
8.719637393951416016e-01
8.382036685943603516e-01
1.153808236122131348e+00
1.371591210365295410e+00
8.962812423706054688e-01
1.901872158050537109e+00
3.342523336410522461e+00
1.938484549522399902e+00
8.761857151985168457e-01
2.148162841796875000e+00
1.693510293960571289e+00
2.289138555526733398e+00
1.003175973892211914e+00
2.122133731842041016e+00
2.125421524047851562e+00
6.793745756149291992e-01
1.093359589576721191e+00
9.617943167686462402e-01
1.121843099594116211e+00
1.372088789939880371e+00
1.042221426963806152e+00
8.108469247817993164e-01
2.603933572769165039e+00
2.179741859436035156e+00
1.595414996147155762e+00
1.817531228065490723e+00
7.563741803169250488e-01
1.642767310142517090e+00
2.138500452041625977e+00
1.156264185905456543e+00
1.133306264877319336e+00
2.034593582153320312e+00
7.923306226730346680e-01
1.833618283271789551e+00
3.751802206039428711e+00
3.418118238449096680e+00
1.282585501670837402e+00
1.524324059486389160e+00
1.469170808792114258e+00
1.369484782218933105e+00
1.166036367416381836e+00
7.855134606361389160e-01
1.441286683082580566e+00
9.065729975700378418e-01
1.619445323944091797e+00
1.285654664039611816e+00
7.682423591613769531e-01
1.117342591285705566e+00
1.401474237442016602e+00
1.241047501564025879e+00
2.434475183486938477e+00
1.375085473060607910e+00
1.132106304168701172e+00
2.953540086746215820e+00
1.264719128608703613e+00
1.126385331153869629e+00
2.266962528228759766e+00
3.315178394317626953e+00
1.131384134292602539e+00
2.400338888168334961e+00
1.131524801254272461e+00
1.444414019584655762e+00
1.103271245956420898e+00
9.953337907791137695e-01
2.498823404312133789e+00
1.866907000541687012e+00
7.734847664833068848e-01
1.021680235862731934e+00
2.222815275192260742e+00
9.482189416885375977e-01
2.584865093231201172e+00
7.627763748168945312e-01
1.374708056449890137e+00
7.481557130813598633e-01
1.748271226882934570e+00
1.706622362136840820e+00
2.823745012283325195e+00
1.435661435127258301e+00
1.767904877662658691e+00
1.087071418762207031e+00
1.088581442832946777e+00
1.637651085853576660e+00
3.317121744155883789e+00
2.413834333419799805e+00
1.763164758682250977e+00
1.214258790016174316e+00
2.037977933883666992e+00
2.340564489364624023e+00
8.899450898170471191e-01
1.951654672622680664e+00
1.252591133117675781e+00
1.004411935806274414e+00
8.804329633712768555e-01
1.047977447509765625e+00
2.497457027435302734e+00
2.075792312622070312e+00
1.249635696411132812e+00
2.250884771347045898e+00
1.567414045333862305e+00
1.552736639976501465e+00
1.025859594345092773e+00
2.559934139251708984e+00
1.972614049911499023e+00
9.930800795555114746e-01
8.283481001853942871e-01
1.468016982078552246e+00
2.084023714065551758e+00
8.263404369354248047e-01
2.041321754455566406e+00
2.729155063629150391e+00
1.761811494827270508e+00
1.974277257919311523e+00
1.161096572875976562e+00
1.082437872886657715e+00
1.130152583122253418e+00
8.546251654624938965e-01
1.160615682601928711e+00
2.360431432723999023e+00
1.889661908149719238e+00
9.709386229515075684e-01
1.279632210731506348e+00
2.046542167663574219e+00
2.356581687927246094e+00
1.221382021903991699e+00
1.069948554039001465e+00
1.558540582656860352e+00
1.620411992073059082e+00
1.070513963699340820e+00
9.838910102844238281e-01
8.974108099937438965e-01
2.727859497070312500e+00
9.296075701713562012e-01
2.102896690368652344e+00
1.215448260307312012e+00
8.310248851776123047e-01
8.852242231369018555e-01
2.016397714614868164e+00
2.646146774291992188e+00
9.461132287979125977e-01
3.551049470901489258e+00
2.518892049789428711e+00
2.555970191955566406e+00
1.518880009651184082e+00
1.961073398590087891e+00
2.211904764175415039e+00
9.271458983421325684e-01
9.124806523323059082e-01
8.471938371658325195e-01
8.568626046180725098e-01
1.205197691917419434e+00
1.397343277931213379e+00
2.040276288986206055e+00
1.303051352500915527e+00
1.099812626838684082e+00
1.232830405235290527e+00
8.906495571136474609e-01
9.269980192184448242e-01
1.109509587287902832e+00
2.601140499114990234e+00
6.972543001174926758e-01
1.127510666847229004e+00
9.502671360969543457e-01
1.052932381629943848e+00
1.186692118644714355e+00
1.106336712837219238e+00
9.783743023872375488e-01
2.184677362442016602e+00
2.765612125396728516e+00
1.661126852035522461e+00
1.292377352714538574e+00
9.084440469741821289e-01
1.282656192779541016e+00
2.341834306716918945e+00
1.415032386779785156e+00
1.449839830398559570e+00
8.172103166580200195e-01
7.727755904197692871e-01
1.702936291694641113e+00
2.953380107879638672e+00
1.507369637489318848e+00
1.375462651252746582e+00
8.022882342338562012e-01
8.906738162040710449e-01
9.642829895019531250e-01
2.363889932632446289e+00
9.001322984695434570e-01
1.763550758361816406e+00
8.815158009529113770e-01
1.251898407936096191e+00
2.559167146682739258e+00
1.006562232971191406e+00
1.336698055267333984e+00
2.338986158370971680e+00
3.526585102081298828e+00
1.119780063629150391e+00
2.266256332397460938e+00
1.252656817436218262e+00
1.198427081108093262e+00
1.154571890830993652e+00
2.203576564788818359e+00
2.536236286163330078e+00
1.052051782608032227e+00
2.174633979797363281e+00
2.230789422988891602e+00
1.106973886489868164e+00
8.500462770462036133e-01
9.986540675163269043e-01
8.390251994132995605e-01
2.154235124588012695e+00
2.576447963714599609e+00
1.890840172767639160e+00
1.467349767684936523e+00
9.348760247230529785e-01
3.129815101623535156e+00
8.267908692359924316e-01
2.483965873718261719e+00
1.079130649566650391e+00
1.248614788055419922e+00
7.771336436271667480e-01
7.538392543792724609e-01
1.372867941856384277e+00
1.260918378829956055e+00
2.476761579513549805e+00
1.305938243865966797e+00
1.848516702651977539e+00
1.561166167259216309e+00
9.062249660491943359e-01
1.395851135253906250e+00
3.774843692779541016e+00
1.124619841575622559e+00
1.396870136260986328e+00
1.476306319236755371e+00
7.672107219696044922e-01
1.171565055847167969e+00
7.503756880760192871e-01
1.068006038665771484e+00
3.114775419235229492e+00
9.432693123817443848e-01
8.273110985755920410e-01
2.270372152328491211e+00
