8.344167709350585938e+00
1.531101703643798828e+00
9.013549089431762695e-01
1.092173695564270020e+00
1.546616196632385254e+00
5.391797065734863281e+00
3.797255754470825195e+00
8.416293859481811523e-01
6.890452384948730469e+00
7.838462591171264648e-01
5.565846443176269531e+00
2.912150382995605469e+00
2.183908939361572266e+00
9.006910324096679688e+00
9.039136886596679688e+00
1.017218112945556641e+00
1.593236207962036133e+00
2.240880489349365234e+00
5.630174875259399414e-01
1.021058320999145508e+00
2.315283060073852539e+00
3.399609088897705078e+00
1.949231863021850586e+00
9.001331329345703125e+01
7.641265392303466797e-01
9.001348876953125000e+01
9.048217535018920898e-01
4.343124032020568848e-01
9.337704181671142578e-01
1.231305599212646484e+00
4.125782012939453125e+00
1.155428504943847656e+01
1.322536468505859375e+01
9.507988691329956055e-01
1.972189426422119141e+00
5.010867118835449219e+00
3.449174463748931885e-01
1.543186035156250000e+02
1.661303758621215820e+00
2.493399620056152344e+00
1.498546838760375977e+00
4.069097042083740234e+00
1.186302065849304199e+00
6.591599464416503906e+00
1.219954109191894531e+01
2.211870193481445312e+00
1.129518866539001465e+00
2.216820001602172852e+00
1.580657958984375000e+00
3.603805065155029297e+00
1.448343634605407715e+00
1.885125160217285156e+00
6.898379325866699219e-01
5.131486415863037109e+00
5.082918167114257812e+00
1.366303324699401855e+00
1.087641429901123047e+01
1.229109382629394531e+01
3.900835990905761719e+00
3.930641651153564453e+00
2.804771423339843750e+00
4.005627036094665527e-01
1.779863739013671875e+02
7.819365501403808594e+00
3.449174463748931885e-01
2.613593101501464844e+00
1.663893342018127441e+00
9.042264556884765625e+01
2.563229560852050781e+00
2.599776268005371094e+00
1.236697196960449219e+00
4.034005641937255859e+00
1.342609167098999023e+00
9.372367095947265625e+01
3.794986009597778320e+00
1.925594449043273926e+00
3.592377424240112305e+00
1.202850818634033203e+01
2.751930475234985352e+00
2.725916147232055664e+00
3.757443428039550781e+00
2.236159086227416992e+00
1.614224553108215332e+00
2.435581684112548828e+00
1.346974611282348633e+00
1.440757513046264648e+00
1.631294190883636475e-01
9.008154296875000000e+01
1.132978558540344238e+00
1.777701568603515625e+02
1.179021835327148438e+00
5.043914318084716797e+00
4.475972175598144531e+00
9.030155944824218750e+01
1.275028586387634277e+00
1.399976253509521484e+00
2.855539321899414062e+00
9.003029632568359375e+01
2.330449819564819336e+00
4.564414596557617188e+01
2.474488019943237305e+00
1.866764307022094727e+00
3.354387998580932617e+00
2.443924903869628906e+00
5.653537273406982422e+00
1.645681023597717285e+00
1.704102277755737305e+00
1.462595701217651367e+00
2.565366983413696289e+00
1.782745666503906250e+02
4.455093383789062500e+00
2.598872661590576172e+00
1.053412628173828125e+01
8.654715418815612793e-01
9.021159362792968750e+01
2.966495275497436523e+00
1.774757504463195801e+00
3.914366006851196289e+00
4.149919986724853516e+00
4.245193958282470703e+00
3.050692081451416016e+00
2.907037258148193359e+00
2.209391117095947266e+00
5.848479747772216797e+00
2.021004438400268555e+00
9.001445770263671875e+01
6.118883132934570312e+00
3.171014785766601562e+00
1.975362181663513184e+00
1.507140994071960449e+00
2.774034500122070312e+00
1.787502441406250000e+02
5.139421939849853516e+00
2.974403619766235352e+00
1.480416059494018555e+00
4.776678085327148438e+00
4.770851135253906250e+00
1.088636493682861328e+01
1.140209388732910156e+01
1.637574791908264160e+00
9.520329833030700684e-01
2.013825654983520508e+00
1.008718371391296387e+00
4.451134681701660156e+00
5.157884597778320312e+01
1.799720306396484375e+02
1.806669592857360840e+00
2.343014001846313477e+00
5.718065738677978516e+00
1.840581297874450684e+00
2.113036870956420898e+00
4.092611372470855713e-01
1.974371433258056641e+00
2.427370786666870117e+00
1.661539316177368164e+00
5.743101596832275391e+00
6.303909301757812500e+00
6.230683326721191406e-01
2.589969873428344727e+00
3.356721878051757812e+00
5.051296949386596680e-01
1.880343675613403320e+00
4.032937526702880859e+00
5.083072662353515625e+00
2.957242488861083984e+00
1.788816452026367188e+00
4.788638591766357422e+00
3.023102760314941406e+00
4.264985561370849609e+00
9.101795196533203125e+01
9.202609658241271973e-01
3.011034011840820312e+00
2.684673547744750977e+00
2.505615711212158203e+00
8.717792034149169922e-01
5.322902798652648926e-01
1.186302065849304199e+00
1.510772347450256348e+00
2.157219171524047852e+00
2.378663063049316406e+00
9.014961242675781250e+01
2.111739873886108398e+00
9.194099903106689453e-01
8.932215690612792969e+00
1.184651374816894531e+00
1.453468918800354004e+00
2.089940071105957031e+00
3.622663259506225586e+00
1.937752246856689453e+00
1.712122201919555664e+00
1.743277740478515625e+02
1.792161560058593750e+02
2.138631105422973633e+00
8.908734917640686035e-01
1.696967244148254395e+00
4.493442058563232422e+00
2.614940404891967773e+00
2.056903123855590820e+00
4.205238342285156250e+00
2.227389335632324219e+00
6.047015666961669922e+00
5.908293128013610840e-01
2.395717382431030273e+00
1.309852480888366699e+00
1.786095733642578125e+02
1.381968379020690918e+00
2.182474613189697266e+00
1.794383850097656250e+02
4.077174663543701172e+00
1.129518866539001465e+00
1.690728306770324707e+00
2.910536527633666992e+00
3.186534643173217773e+00
9.000295257568359375e+01
7.537493705749511719e+00
3.253053188323974609e+00
9.244615173339843750e+01
2.825492620468139648e+00
1.779303894042968750e+02
3.018436670303344727e+00
1.783100891113281250e+02
1.009443950653076172e+01
1.698226623535156250e+02
9.001667785644531250e+01
2.043730497360229492e+00
1.315814852714538574e+00
3.111182928085327148e+00
7.828471064567565918e-01
3.324606180191040039e+00
1.786188840866088867e+00
6.369690418243408203e+00
9.000684356689453125e+01
4.756622791290283203e+00
1.073378682136535645e+00
1.511290431022644043e+00
9.007505798339843750e+01
2.455111742019653320e+00
1.779953308105468750e+02
3.366157293319702148e+00
1.175031661987304688e+00
1.990758180618286133e+00
7.257768511772155762e-01
7.811630249023437500e+00
2.078672170639038086e+00
1.391282796859741211e+00
4.397122859954833984e+00
1.479887127876281738e+00
3.948535919189453125e+00
2.604289770126342773e+00
2.292686700820922852e+00
2.006230831146240234e+00
8.213912248611450195e-01
3.208697795867919922e+00
1.352194547653198242e+00
9.857628631591796875e+01
3.324488401412963867e+00
1.371735215187072754e+00
9.655031561851501465e-01
1.946418642997741699e+00
6.632286310195922852e-01
1.892585277557373047e+00
1.397737979888916016e+00
2.069235801696777344e+00
9.795874357223510742e-01
1.497240424156188965e+00
1.432038307189941406e+00
9.819816350936889648e-01
9.577706456184387207e-01
2.822304248809814453e+00
2.361485958099365234e+00
2.644268751144409180e+00
2.082810878753662109e+00
3.673438072204589844e+00
1.287855982780456543e+00
1.696274995803833008e+00
7.742074012756347656e+00
2.154495716094970703e+00
1.435314178466796875e+00
3.126248121261596680e+00
9.004402923583984375e+01
6.318005323410034180e-01
1.763206481933593750e+02
2.079425573348999023e+00
1.475119113922119141e+00
8.154178619384765625e+00
1.282684612274169922e+01
3.406513214111328125e+00
3.105640649795532227e+00
1.382534623146057129e+00
1.356240749359130859e+00
4.563084125518798828e+00
3.150699853897094727e+00
2.191602706909179688e+00
1.687297363281250000e+02
9.000353240966796875e+01
1.623170971870422363e+00
1.115573287010192871e+00
1.115222454071044922e+00
1.794065246582031250e+02
1.710772247314453125e+02
1.029456138610839844e+00
2.460049629211425781e+00
1.286031365394592285e+00
9.000000762939453125e+01
7.165516018867492676e-01
1.873879551887512207e+00
5.491193294525146484e+00
9.003192138671875000e+01
1.796737365722656250e+02
2.795683860778808594e+00
2.275032758712768555e+00
2.776291608810424805e+00
2.075657367706298828e+00
1.900633811950683594e+00
1.422165393829345703e+00
6.263846874237060547e+00
3.724363088607788086e+00
5.023441314697265625e+00
4.039923667907714844e+00
1.030216217041015625e+00
2.953002691268920898e+00
6.144396781921386719e+00
9.398746490478515625e+01
3.380782842636108398e+00
7.848629474639892578e+00
1.639724373817443848e+00
2.687588214874267578e+00
1.007942199707031250e+00
9.206861257553100586e-01
1.741680755615234375e+02
1.678880453109741211e+00
1.264691638946533203e+01
9.253500699996948242e-01
4.510931491851806641e+00
1.361999869346618652e+00
8.034557342529296875e+00
2.016738891601562500e+00
3.843182802200317383e+00
1.800000000000000000e+02
1.455621600151062012e+00
1.787992706298828125e+02
4.747774899005889893e-01
2.259320974349975586e+00
5.147421836853027344e+00
2.588911771774291992e+00
8.065138816833496094e+00
1.502459406852722168e+00
3.760569095611572266e+00
9.369974136352539062e+00
2.419617414474487305e+00
2.981108903884887695e+00
2.781926393508911133e+00
5.226297855377197266e+00
1.241119742393493652e+00
1.787268218994140625e+02
2.003302097320556641e+00
1.223973274230957031e+00
1.856251001358032227e+00
6.225039958953857422e+00
3.724152565002441406e+00
1.861854934692382812e+01
1.524697661399841309e+00
1.354508161544799805e+00
6.489124894142150879e-01
4.468965053558349609e+00
4.149587750434875488e-01
3.682062864303588867e+00
1.983075261116027832e+00
1.737312078475952148e+00
1.405834674835205078e+00
4.423476755619049072e-01
3.651304006576538086e+00
6.235047340393066406e+00
1.285117983818054199e+00
2.239832162857055664e+00
1.741587281227111816e+00
1.629428267478942871e+00
1.776834564208984375e+02
2.616886377334594727e+00
1.052018761634826660e+00
6.736680030822753906e+00
5.342067718505859375e+00
2.221054077148437500e+00
2.213992834091186523e+00
4.788556575775146484e+00
1.593481779098510742e+00
1.090380549430847168e+00
1.216918230056762695e+00
1.048292160034179688e+00
1.375723958015441895e+00
1.264239549636840820e+00
1.060171484947204590e+00
9.731742143630981445e-01
1.536969780921936035e+00
2.400451183319091797e+00
4.783562660217285156e+00
8.089085221290588379e-01
2.387205362319946289e+00
4.233922481536865234e+00
1.549397230148315430e+00
1.379984617233276367e+00
2.085628032684326172e+00
9.006379699707031250e+01
9.037632751464843750e+01
5.597376823425292969e+00
1.283289432525634766e+00
1.422715663909912109e+00
9.001656341552734375e+01
1.148076891899108887e+00
1.232893824577331543e+00
5.742009639739990234e+00
3.542763710021972656e+00
9.001190185546875000e+01
1.770437011718750000e+02
9.185582399368286133e-01
2.408103466033935547e+00
9.000038909912109375e+01
2.196954488754272461e+00
1.533910870552062988e+00
1.045301079750061035e+00
1.027172684669494629e+00
2.310205459594726562e+00
3.982314109802246094e+00
2.112851619720458984e+00
4.772246837615966797e+00
2.960814714431762695e+00
2.148674011230468750e+00
6.422442793846130371e-01
5.940395355224609375e+00
1.573639869689941406e+01
2.827293395996093750e+00
3.876538872718811035e-01
1.125353336334228516e+00
5.359865665435791016e+00
4.970195293426513672e+00
1.620274901390075684e+00
1.776520967483520508e+00
3.248355627059936523e+00
2.039704561233520508e+00
2.502577781677246094e+01
6.774363040924072266e+00
1.788400573730468750e+02
1.182998418807983398e+00
2.688753604888916016e+00
1.543830037117004395e+00
1.956847667694091797e+00
1.778429718017578125e+02
4.577741622924804688e+00
3.160873651504516602e+00
5.983008384704589844e+00
2.213639259338378906e+00
1.420687675476074219e+01
9.000159454345703125e+01
7.055438160896301270e-01
4.318198204040527344e+00
9.018805694580078125e+01
1.383383750915527344e+00
9.070223999023437500e+01
1.828205585479736328e+00
2.352184772491455078e+00
5.424856543540954590e-01
4.974687099456787109e+00
9.032273101806640625e+01
9.755840897560119629e-01
2.390482664108276367e+00
2.837660074234008789e+00
1.359123349189758301e+00
1.680045723915100098e+00
1.967420458793640137e+00
6.674736022949218750e+00
6.718314170837402344e+00
3.863914966583251953e+00
9.814298629760742188e+00
4.018343925476074219e+00
9.163099670410156250e+01
3.583536863327026367e+00
1.566730260848999023e+00
2.292344808578491211e+00
8.021066784858703613e-01
5.166201591491699219e-01
8.577498793601989746e-01
2.611944913864135742e+00
3.687377214431762695e+00
2.798203468322753906e+00
2.188564300537109375e+00
1.692579269409179688e+00
3.789822340011596680e+00
4.058978080749511719e+00
3.730141401290893555e+00
2.466565370559692383e+00
1.604740500450134277e+00
2.372401237487792969e+00
9.044682312011718750e+01
1.078108072280883789e+00
4.551565170288085938e+00
2.244894742965698242e+00
2.478439807891845703e+00
4.195913314819335938e+00
1.769092712402343750e+02
6.030459880828857422e+00
7.259771347045898438e+00
3.438320159912109375e+00
4.389901161193847656e+00
2.645452976226806641e+00
1.795893096923828125e+02
2.531418085098266602e+00
3.762963533401489258e+00
3.997529268264770508e+00
2.654081881046295166e-01
4.314658641815185547e+00
1.289374589920043945e+00
2.882150411605834961e+00
1.933708071708679199e+00
3.706233263015747070e+00
1.504150695800781250e+02
1.636140108108520508e+00
1.518008828163146973e+00
1.568281936645507812e+01
3.452299833297729492e+00
2.806585550308227539e+00
2.104870319366455078e+00
1.109240531921386719e+00
2.408753633499145508e+00
1.581400513648986816e+00
2.840693473815917969e+00
1.612526416778564453e+00
4.077078819274902344e+00
5.668908596038818359e+00
3.017009735107421875e+00
3.900434255599975586e+00
9.610939025878906250e+00
6.379646658897399902e-01
9.000041961669921875e+01
2.507021665573120117e+00
1.518266558647155762e+00
1.764814147949218750e+02
7.649244308471679688e+00
9.003192138671875000e+01
3.830116987228393555e+00
2.406151771545410156e+00
1.486220955848693848e+00
6.194478511810302734e+00
2.702115535736083984e+00
1.007942199707031250e+00
2.361817598342895508e+00
9.004026794433593750e+01
1.109946012496948242e+00
2.494655370712280273e+00
1.036276578903198242e+00
9.009989166259765625e+01
1.786683807373046875e+02
2.852795839309692383e+00
1.625682373046875000e+02
4.419072628021240234e+00
1.792095422744750977e+00
3.475924968719482422e+00
3.670131683349609375e+00
1.800000000000000000e+02
2.666089773178100586e+00
1.319379329681396484e+00
1.331485867500305176e+00
1.594218492507934570e+00
2.987930536270141602e+00
5.263757109642028809e-01
2.460686206817626953e+00
1.022416019439697266e+01
2.386713266372680664e+00
4.063510417938232422e+00
5.120549201965332031e-01
1.776273651123046875e+02
3.405823230743408203e+00
1.991741061210632324e+00
1.624135255813598633e+00
5.708185672760009766e+00
3.052231788635253906e+00
1.743918609619140625e+02
2.233356475830078125e+00
4.753903388977050781e+00
2.916046380996704102e+00
4.705444812774658203e+00
6.340504169464111328e+00
6.228629589080810547e+00
1.736410737037658691e+00
1.608151555061340332e+00
1.923747825622558594e+01
2.788111686706542969e+00
1.425766181945800781e+01
1.682606458663940430e+00
9.751828312873840332e-01
3.504087448120117188e+00
1.752139892578125000e+02
2.927703857421875000e+00
1.651616215705871582e+00
1.701742112636566162e-01
1.344648003578186035e+00
9.603041648864746094e+00
5.021334648132324219e+00
1.504541873931884766e+00
3.119352340698242188e+00
9.045756530761718750e+01
1.461524844169616699e+00
2.186596155166625977e+00
3.607497692108154297e+00
7.445450305938720703e+00
8.050288558006286621e-01
1.486484289169311523e+00
4.235957145690917969e+00
9.350268840789794922e-01
3.337536573410034180e+00
9.001976013183593750e+01
9.263879394531250000e+01
2.923555612564086914e+00
6.449777603149414062e+00
3.178168058395385742e+00
2.670491218566894531e+00
9.004967498779296875e+01
9.006402587890625000e+01
5.760276317596435547e+00
2.336153984069824219e+00
1.708231449127197266e+00
6.180230379104614258e-01
2.123016357421875000e+00
9.000152587890625000e+01
4.762384891510009766e+00
1.766357183456420898e+00
1.425738453865051270e+00
1.526237010955810547e+00
4.918366909027099609e+00
2.655054330825805664e+00
1.257410407066345215e+00
1.828847885131835938e+00
4.398458957672119141e+00
3.297168731689453125e+00
9.002218627929687500e+01
3.238577365875244141e+00
3.534464120864868164e+00
3.446737527847290039e+00
3.348312377929687500e+00
4.697194576263427734e+00
1.608638167381286621e+00
8.124412536621093750e+00
2.201582193374633789e+00
1.643116149902343750e+02
1.802331328392028809e+00
9.011195373535156250e+01
1.632308125495910645e+00
1.028983020782470703e+01
5.229670524597167969e+00
4.478684425354003906e+00
6.188652038574218750e+00
5.112900733947753906e-01
1.188609123229980469e+00
1.150120377540588379e+00
3.810639381408691406e+00
6.173895597457885742e-01
4.163489341735839844e+00
3.237005233764648438e+00
1.485957503318786621e+00
1.173698663711547852e+00
4.376137733459472656e+00
3.477614402770996094e+00
1.359699130058288574e+00
1.498024463653564453e+00
8.001526594161987305e-01
2.352517604827880859e+00
1.744173278808593750e+02
3.046196937561035156e+00
3.144231081008911133e+00
1.780995788574218750e+02
1.714178323745727539e+00
1.681675672531127930e+00
1.528799295425415039e+00
1.242380619049072266e+00
9.035823059082031250e+01
5.673331737518310547e+00
2.851423263549804688e+00
1.085704565048217773e+00
2.798483133316040039e+00
2.153041601181030273e+00
1.803634047508239746e+00
1.230351805686950684e+00
9.013621520996093750e+01
5.135684490203857422e+00
9.003830718994140625e+01
2.400614261627197266e+00
2.553589820861816406e+00
1.585108757019042969e+00
7.110690474510192871e-01
3.532025814056396484e+00
9.116989898681640625e+01
2.187311887741088867e+00
2.370255470275878906e+00
1.531868338584899902e+00
1.788573913574218750e+02
5.004596710205078125e-01
1.790565967559814453e+00
1.944003939628601074e+00
5.128430366516113281e+00
1.145772361755371094e+01
1.343483328819274902e+00
2.162837028503417969e+00
4.237159252166748047e+00
1.794818725585937500e+02
1.982680320739746094e+00
3.745333909988403320e+00
2.821055412292480469e+00
8.695316314697265625e-01
1.240804433822631836e+00
2.661092758178710938e+00
9.006177520751953125e+01
1.310450077056884766e+00
9.000127410888671875e+01
7.569224238395690918e-01
1.385362744331359863e+00
1.538751244544982910e+00
5.308178067207336426e-01
1.669167175292968750e+02
9.551520347595214844e+00
2.483646631240844727e+00
6.602360725402832031e+00
3.263988256454467773e+00
1.142609715461730957e+00
1.689802050590515137e+00
3.437978506088256836e+00
9.000975799560546875e+01
2.228695869445800781e+01
9.012252044677734375e+01
8.661793708801269531e+00
3.143862342834472656e+01
1.723741531372070312e+00
2.970583915710449219e+00
1.455890536308288574e+00
9.187033843994140625e+01
9.276844787597656250e+01
9.177058339118957520e-01
9.027783966064453125e+01
1.562978625297546387e+00
2.025647163391113281e+00
3.845219850540161133e+00
1.800000000000000000e+02
4.002620697021484375e+00
3.615360558032989502e-01
7.198655605316162109e+00
7.380746603012084961e-01
2.050995588302612305e+00
4.069482326507568359e+00
1.800593018531799316e+00
1.694197177886962891e+00
1.698580980300903320e+00
9.926838874816894531e-01
5.558165073394775391e+00
4.545449733734130859e+00
4.197967052459716797e+00
6.850370407104492188e+00
1.067528963088989258e+00
5.016181468963623047e+00
9.051291656494140625e+01
1.000537753105163574e+00
7.701661586761474609e+00
5.277634620666503906e+00
9.168524742126464844e-01
2.011880874633789062e+00
1.224612474441528320e+00
9.050579071044921875e+01
8.767033219337463379e-01
1.331191897392272949e+00
1.861515164375305176e+00
3.991155862808227539e+00
2.219290733337402344e+00
2.754205703735351562e+00
2.816332817077636719e+00
1.784434914588928223e+00
1.655876159667968750e+00
3.192181825637817383e+00
5.373302459716796875e+00
1.546869158744812012e+00
7.813459038734436035e-01
1.363148808479309082e+00
9.030900597572326660e-01
3.761610269546508789e+00
3.675462722778320312e+00
2.083186864852905273e+00
2.009155273437500000e+00
3.920664787292480469e+00
3.559415102005004883e+00
2.991204500198364258e+00
1.051677703857421875e+01
3.732531368732452393e-01
2.583474349975585938e+01
1.633506536483764648e+00
2.211870193481445312e+00
3.397765874862670898e+00
1.456427931785583496e+00
5.993782877922058105e-01
7.189492225646972656e+00
1.725596160888671875e+02
3.362316370010375977e+00
1.286031365394592285e+00
1.644491434097290039e+00
1.385927677154541016e+00
1.720787167549133301e+00
2.383594989776611328e+00
1.024884104728698730e+00
1.497763156890869141e+00
6.022848129272460938e+00
2.661092758178710938e+00
2.188921928405761719e+00
5.609548091888427734e+00
2.627635002136230469e+00
