5.855872854590415955e-02
1.744447089731693268e-02
3.201062604784965515e-02
1.544092968106269836e-02
2.513601630926132202e-02
5.878081917762756348e-02
8.230053633451461792e-02
4.791698232293128967e-02
1.216633804142475128e-02
2.229836769402027130e-02
5.137189105153083801e-02
3.784174099564552307e-02
5.103719979524612427e-02
2.501026913523674011e-02
1.484155096113681793e-02
5.281068757176399231e-02
3.970710188150405884e-02
5.246074125170707703e-02
3.061239793896675110e-02
1.319591421633958817e-02
1.227170042693614960e-02
2.688851207494735718e-02
2.117815800011157990e-02
3.070284239947795868e-02
4.945053160190582275e-02
7.994733750820159912e-02
4.402648285031318665e-02
9.756803512573242188e-03
2.269515022635459900e-02
2.664940245449542999e-02
2.287465706467628479e-02
1.047348007559776306e-01
2.409841865301132202e-02
3.195178136229515076e-02
4.759591072797775269e-02
2.775778807699680328e-02
2.874116227030754089e-02
9.837606549263000488e-02
3.320151567459106445e-02
5.314215272665023804e-02
7.106510456651449203e-03
3.802291676402091980e-02
2.986536733806133270e-02
5.551838129758834839e-02
2.427355758845806122e-02
2.153648436069488525e-02
2.100026048719882965e-02
4.738896340131759644e-02
2.391339652240276337e-02
2.627133950591087341e-02
3.528081253170967102e-02
4.893862456083297729e-02
1.376184448599815369e-02
6.788986921310424805e-02
2.132982946932315826e-02
3.194134682416915894e-02
4.258456453680992126e-02
4.107747599482536316e-02
1.198767498135566711e-02
2.257900312542915344e-02
3.208529204130172729e-02
3.481923043727874756e-02
3.403900191187858582e-02
1.109721511602401733e-01
6.659487634897232056e-02
4.393261298537254333e-02
1.974429003894329071e-02
6.661280244588851929e-02
2.130776643753051758e-02
4.279404878616333008e-02
6.126183271408081055e-02
1.926445215940475464e-02
2.374556288123130798e-02
2.795895561575889587e-02
5.458986386656761169e-02
8.043057471513748169e-02
5.526576936244964600e-02
5.366801097989082336e-02
3.378252312541007996e-02
1.678023487329483032e-02
2.901713363826274872e-02
2.485211566090583801e-02
8.519237488508224487e-02
2.706883102655410767e-02
4.586157202720642090e-02
4.576996341347694397e-02
9.218168444931507111e-03
2.702896483242511749e-02
3.880641236901283264e-02
5.471889302134513855e-02
4.799360781908035278e-02
9.155380539596080780e-03
3.261873871088027954e-02
3.718190267682075500e-02
1.925790309906005859e-02
2.082326449453830719e-02
5.656253173947334290e-02
9.353108704090118408e-02
1.715488918125629425e-02
2.919748798012733459e-02
4.659297317266464233e-02
1.251643896102905273e-02
3.994061797857284546e-02
6.752154976129531860e-02
6.621012091636657715e-02
1.236839964985847473e-02
1.181193627417087555e-02
4.378170147538185120e-02
5.843897536396980286e-02
8.032091706991195679e-02
2.558908052742481232e-02
3.753427788615226746e-02
2.584030292928218842e-02
2.132772281765937805e-02
6.776926666498184204e-02
3.470543771982192993e-02
1.092309970408678055e-02
4.177552834153175354e-02
8.642914891242980957e-02
8.166362345218658447e-02
5.047067254781723022e-02
8.902129530906677246e-02
3.542956709861755371e-02
4.698104038834571838e-02
3.559894487261772156e-02
4.689347743988037109e-02
2.179218828678131104e-02
5.782060325145721436e-02
1.819029264152050018e-02
2.492329664528369904e-02
4.447493702173233032e-02
4.736022278666496277e-02
7.479452341794967651e-02
4.549995437264442444e-02
1.936504617333412170e-02
4.068288207054138184e-02
6.582835316658020020e-02
3.804824873805046082e-02
1.383253280073404312e-02
2.149597927927970886e-02
2.461419068276882172e-02
4.566628858447074890e-02
3.298630565404891968e-02
5.906393006443977356e-02
9.483425319194793701e-02
6.824360787868499756e-02
3.099633567035198212e-02
3.146817162632942200e-02
5.907474458217620850e-02
2.076564170420169830e-02
2.124638110399246216e-02
1.445102598518133163e-02
3.444327041506767273e-02
5.956785753369331360e-02
2.127620764076709747e-02
1.818989031016826630e-02
1.301198918372392654e-02
2.013039775192737579e-02
3.921621292829513550e-02
3.275911509990692139e-02
2.212649025022983551e-02
7.473536767065525055e-03
2.532134205102920532e-02
2.874032221734523773e-02
2.988741919398307800e-02
3.456990793347358704e-02
4.461148008704185486e-02
1.491976156830787659e-02
5.185735225677490234e-02
6.708271056413650513e-02
1.909323781728744507e-02
2.652802318334579468e-02
4.879508167505264282e-02
3.291457146406173706e-02
2.113808318972587585e-02
2.859767153859138489e-02
2.254993468523025513e-02
2.291077002882957458e-02
4.144428297877311707e-02
2.451259456574916840e-02
3.478244692087173462e-02
6.402724236249923706e-02
3.421347215771675110e-02
3.555892780423164368e-02
1.338026393204927444e-02
5.897659063339233398e-02
3.645309433341026306e-02
3.182355314493179321e-02
1.524539105594158173e-02
2.240082807838916779e-02
3.262256085872650146e-02
1.116124615073204041e-01
2.787047624588012695e-02
2.881192788481712341e-02
1.923038437962532043e-02
4.427217319607734680e-02
1.808368973433971405e-02
2.148661389946937561e-02
2.524079382419586182e-02
2.684758417308330536e-02
9.760536253452301025e-02
1.654353737831115723e-02
4.630626738071441650e-02
1.916146837174892426e-02
5.342689156532287598e-02
3.505847603082656860e-02
2.720629237592220306e-02
6.309616565704345703e-02
5.080850794911384583e-02
1.850325986742973328e-02
2.818487398326396942e-02
4.544465988874435425e-02
2.625857107341289520e-02
3.518142178654670715e-02
2.202281728386878967e-02
3.572441264986991882e-02
5.685177072882652283e-02
3.470794111490249634e-02
1.099360957741737366e-01
3.880027309060096741e-02
1.124593243002891541e-01
3.026129491627216339e-02
1.395641732960939407e-02
1.182987764477729797e-01
3.805312886834144592e-02
4.453764110803604126e-02
5.374583229422569275e-02
1.397515274584293365e-02
5.897512193769216537e-03
4.688825085759162903e-02
3.551159799098968506e-02
7.674390822649002075e-02
4.579951241612434387e-02
3.724621608853340149e-02
3.576103597879409790e-02
4.222409799695014954e-02
2.869255281984806061e-02
6.661766022443771362e-02
1.191475428640842438e-02
2.208337374031543732e-02
6.303979456424713135e-02
2.383715473115444183e-02
7.799427956342697144e-02
4.227592796087265015e-02
9.624279290437698364e-02
6.510608643293380737e-02
3.446957841515541077e-02
2.876352705061435699e-02
4.464171826839447021e-02
5.134822055697441101e-02
1.686343550682067871e-02
2.785686030983924866e-02
3.074209578335285187e-02
1.827029138803482056e-02
5.236939713358879089e-02
4.818166419863700867e-02
3.419934958219528198e-02
1.345917396247386932e-02
1.628043502569198608e-02
3.694795072078704834e-02
2.434576302766799927e-02
1.538603380322456360e-02
2.726139500737190247e-02
6.101049482822418213e-02
1.131647750735282898e-01
5.568004772067070007e-02
3.136594966053962708e-02
2.680232375860214233e-02
3.097612597048282623e-02
4.138135537505149841e-02
1.828346401453018188e-02
4.927448928356170654e-02
3.270591422915458679e-02
2.246434055268764496e-02
5.004154890775680542e-02
3.853164240717887878e-02
4.852894693613052368e-02
3.543519973754882812e-02
5.620416253805160522e-02
1.020369008183479309e-01
4.372679814696311951e-02
4.838328063488006592e-02
2.044382132589817047e-02
3.353605046868324280e-02
1.165813114494085312e-02
5.081149935722351074e-02
5.066691897809505463e-03
5.971584841609001160e-02
4.187424480915069580e-02
4.607076197862625122e-02
1.457687467336654663e-02
5.125504732131958008e-02
1.267858222126960754e-02
1.341871321201324463e-01
4.610687866806983948e-02
1.770447567105293274e-02
1.165897212922573090e-02
2.105899527668952942e-02
1.294536590576171875e-01
3.946524485945701599e-02
3.816797584295272827e-02
3.080845065414905548e-02
4.410774260759353638e-02
5.601862818002700806e-02
3.554817289113998413e-02
2.475528046488761902e-02
9.313496202230453491e-02
4.599225148558616638e-02
5.067450180649757385e-02
2.902563847601413727e-02
3.454068303108215332e-02
1.580856926739215851e-02
5.145813152194023132e-02
2.879693545401096344e-02
4.895197600126266479e-02
4.686048999428749084e-02
5.643238499760627747e-02
3.032236732542514801e-02
1.052551809698343277e-02
1.572436280548572540e-02
2.280520647764205933e-02
1.582419499754905701e-02
4.068724438548088074e-02
4.439294338226318359e-02
2.547439001500606537e-02
2.608833089470863342e-02
3.424017503857612610e-02
2.561160549521446228e-02
5.620195716619491577e-02
8.200740814208984375e-02
2.231716364622116089e-02
4.724850133061408997e-02
4.300411790609359741e-02
3.522193059325218201e-02
4.710723087191581726e-02
1.368754170835018158e-02
3.579658269882202148e-02
2.237810008227825165e-02
7.241996377706527710e-02
2.827260829508304596e-02
6.386679410934448242e-02
4.966124892234802246e-02
6.028814986348152161e-02
4.412741214036941528e-02
5.292262509465217590e-02
3.796524554491043091e-02
2.862828597426414490e-02
5.202504992485046387e-02
2.242930978536605835e-02
4.032164067029953003e-02
7.882562279701232910e-02
7.065096497535705566e-02
8.370590955018997192e-02
1.461768709123134613e-02
5.375681817531585693e-02
5.495678260922431946e-02
3.741464391350746155e-02
6.278956681489944458e-02
8.140536397695541382e-02
5.199316516518592834e-02
1.750521548092365265e-02
8.717270568013191223e-03
3.683942183852195740e-02
3.052757494151592255e-02
3.212581947445869446e-02
8.745264261960983276e-03
2.028148807585239410e-02
2.345163002610206604e-02
3.714178130030632019e-02
3.982983157038688660e-02
4.153440520167350769e-02
2.774536982178688049e-02
3.614714741706848145e-02
3.474568575620651245e-02
3.310452401638031006e-02
1.882941462099552155e-02
1.765706390142440796e-02
5.764081329107284546e-02
4.251369088888168335e-02
3.749107941985130310e-02
2.505431137979030609e-02
4.528294876217842102e-02
2.486511133611202240e-02
4.683294519782066345e-02
5.430920049548149109e-02
3.217797726392745972e-02
1.595831289887428284e-02
1.760848052799701691e-02
2.404471486806869507e-02
2.362406626343727112e-02
1.675953157246112823e-02
2.445060200989246368e-02
5.199730396270751953e-03
7.737047225236892700e-02
4.648847505450248718e-02
6.565331667661666870e-02
1.656447164714336395e-02
2.001667022705078125e-02
4.128154367208480835e-02
4.258392378687858582e-02
2.590875700116157532e-02
1.263951808214187622e-01
5.198553577065467834e-02
1.188665032386779785e-01
4.146739840507507324e-02
6.299165636301040649e-02
1.920920424163341522e-02
8.745031058788299561e-02
3.178551420569419861e-02
8.135295659303665161e-02
1.612922102212905884e-01
3.121129237115383148e-02
4.599299654364585876e-02
5.519651621580123901e-02
2.536437474191188812e-02
2.209287323057651520e-02
5.008140206336975098e-02
2.948412299156188965e-02
2.458402514457702637e-02
3.461953997611999512e-02
3.186899423599243164e-02
5.066614970564842224e-02
2.809388935565948486e-02
3.011528588831424713e-02
5.316940322518348694e-02
3.878967836499214172e-02
3.582005202770233154e-02
2.457614429295063019e-02
5.804685875773429871e-02
1.893697865307331085e-02
2.978922799229621887e-02
3.623350709676742554e-02
2.418358996510505676e-02
2.314278669655323029e-02
5.084896460175514221e-02
3.216315805912017822e-02
1.873530261218547821e-02
3.784579411149024963e-02
5.451260134577751160e-02
2.494623512029647827e-02
4.628869891166687012e-02
6.464747339487075806e-02
3.569015115499496460e-02
3.918813541531562805e-02
3.772887960076332092e-02
4.584464803338050842e-02
4.492050036787986755e-02
5.609842017292976379e-02
7.891696691513061523e-02
1.139645725488662720e-01
6.318277120590209961e-02
9.647411108016967773e-02
4.131038486957550049e-02
1.874185539782047272e-02
8.817639201879501343e-02
7.591961324214935303e-02
2.357682399451732635e-02
4.283397644758224487e-02
4.113955795764923096e-02
2.479253523051738739e-02
2.745687402784824371e-02
1.833597943186759949e-02
7.348075509071350098e-02
3.603422269225120544e-02
2.870759554207324982e-02
2.945004962384700775e-02
2.510781399905681610e-02
4.294659942388534546e-02
5.230777710676193237e-02
3.155104443430900574e-02
9.105037897825241089e-02
6.111365929245948792e-02
2.889734692871570587e-02
4.109647870063781738e-02
7.592044025659561157e-02
2.164571359753608704e-02
1.693883724510669708e-02
2.289324067533016205e-02
3.909587115049362183e-02
1.197923813015222549e-02
3.034920804202556610e-02
2.510516904294490814e-02
8.399529010057449341e-02
1.315963361412286758e-02
4.438841342926025391e-02
5.004945397377014160e-02
1.506434381008148193e-02
1.324042975902557373e-01
4.156564548611640930e-02
6.464514136314392090e-02
4.685605317354202271e-02
6.559250876307487488e-03
9.292572736740112305e-02
2.179069630801677704e-02
1.003803610801696777e-01
3.007721714675426483e-02
2.502130717039108276e-02
3.512614220380783081e-02
3.338718786835670471e-02
2.581492625176906586e-02
1.547002699226140976e-02
9.824924170970916748e-02
3.659494966268539429e-02
4.081921279430389404e-02
8.798775821924209595e-02
2.139696292579174042e-02
4.384509753435850143e-03
4.305408522486686707e-02
3.355960920453071594e-02
1.176173239946365356e-01
3.416674584150314331e-02
6.557705998420715332e-02
5.576413869857788086e-02
5.457546561956405640e-02
7.515118271112442017e-02
3.672730922698974609e-02
1.651841215789318085e-02
8.197122067213058472e-02
3.003070689737796783e-02
1.838765479624271393e-02
3.375734388828277588e-02
4.354965686798095703e-02
2.425160072743892670e-02
2.657151222229003906e-02
1.937349885702133179e-02
2.096579968929290771e-02
3.533495590090751648e-02
1.201511453837156296e-02
4.117067530751228333e-02
1.743908785283565521e-02
3.739232197403907776e-02
1.737096719443798065e-02
8.751779049634933472e-02
3.038007020950317383e-02
1.857972890138626099e-02
4.524950683116912842e-02
5.627480894327163696e-02
3.576114028692245483e-02
2.025166898965835571e-02
3.826472442597150803e-03
7.143505383282899857e-03
3.711315616965293884e-02
3.506291285157203674e-02
5.091041699051856995e-02
4.016399756073951721e-02
4.937735199928283691e-02
2.897374704480171204e-02
4.152477905154228210e-02
1.794741488993167877e-02
1.033829823136329651e-01
5.290088430047035217e-02
1.706496626138687134e-02
3.977037966251373291e-02
4.833282902836799622e-02
9.647370129823684692e-02
1.961147785186767578e-02
7.578657567501068115e-02
4.690256714820861816e-02
2.613623999059200287e-02
4.606141522526741028e-02
7.414990663528442383e-02
5.268054082989692688e-02
1.823102869093418121e-02
2.655855007469654083e-02
5.799067020416259766e-02
1.241119205951690674e-02
3.501380607485771179e-02
6.248816102743148804e-02
2.077369205653667450e-02
5.858313292264938354e-02
5.543154105544090271e-02
4.884210228919982910e-02
2.419083565473556519e-02
4.279276356101036072e-02
2.703651413321495056e-02
4.084085673093795776e-02
5.873090773820877075e-02
1.885850727558135986e-02
2.442693524062633514e-02
6.393156200647354126e-02
3.968378901481628418e-02
2.462199889123439789e-02
3.664458915591239929e-02
1.110762264579534531e-02
5.568747967481613159e-02
5.349105224013328552e-02
7.354386150836944580e-02
2.662982605397701263e-02
2.806270495057106018e-02
7.640502601861953735e-02
4.900056496262550354e-02
2.646032720804214478e-02
4.987951740622520447e-02
2.608932927250862122e-02
3.504140675067901611e-02
1.843699254095554352e-02
4.553355649113655090e-02
4.572702944278717041e-02
2.543458342552185059e-02
8.983138948678970337e-02
9.365310892462730408e-03
7.265724241733551025e-02
5.218293145298957825e-02
4.903678596019744873e-02
2.174193598330020905e-02
2.987612225115299225e-02
2.178228832781314850e-02
6.886381655931472778e-02
2.261046692728996277e-02
5.565220862627029419e-02
4.237307980656623840e-02
3.098892979323863983e-02
4.451351612806320190e-02
1.539476588368415833e-02
7.508342713117599487e-02
1.055266112089157104e-01
8.639153093099594116e-02
4.398077353835105896e-02
5.298598483204841614e-02
6.550391763448715210e-02
1.277350075542926788e-02
1.525576226413249969e-02
3.659102693200111389e-02
8.685539662837982178e-02
8.037716895341873169e-02
1.987368613481521606e-02
3.639195114374160767e-02
4.265664517879486084e-02
4.548204690217971802e-02
6.034850701689720154e-02
3.014975972473621368e-02
7.895483076572418213e-02
3.287787735462188721e-02
4.618497937917709351e-02
3.735569119453430176e-02
3.263252601027488708e-02
5.722872167825698853e-02
3.572608530521392822e-02
6.555465608835220337e-02
2.030142769217491150e-02
9.757190942764282227e-02
4.864339157938957214e-02
6.474380940198898315e-02
1.530484296381473541e-02
3.284809365868568420e-02
1.762359403073787689e-02
4.035612195730209351e-02
4.086406901478767395e-02
3.074495680630207062e-02
7.205829769372940063e-02
2.678907290101051331e-02
4.103126376867294312e-02
1.166480034589767456e-02
4.110479354858398438e-02
6.991442292928695679e-02
6.176297739148139954e-02
1.739308238029479980e-02
4.016789421439170837e-02
3.607467561960220337e-02
2.034725621342658997e-02
3.407851606607437134e-02
4.386240243911743164e-02
3.303306549787521362e-02
1.414657291024923325e-02
6.841401010751724243e-02
5.614679679274559021e-02
2.152997255325317383e-02
6.475082039833068848e-02
8.367901295423507690e-02
3.397728130221366882e-02
1.211891695857048035e-02
2.515270374715328217e-02
2.511919103562831879e-02
6.002591922879219055e-02
1.518232841044664383e-02
3.317771479487419128e-02
5.848460271954536438e-02
7.874420285224914551e-02
4.515645653009414673e-02
2.172435820102691650e-02
4.684228077530860901e-02
6.897649914026260376e-02
5.625186860561370850e-02
7.423721253871917725e-02
3.759335726499557495e-02
4.569603875279426575e-02
3.030405752360820770e-02
2.069101482629776001e-02
4.816721379756927490e-02
3.433729708194732666e-02
5.341925844550132751e-02
4.564599692821502686e-02
3.107601962983608246e-02
8.746930211782455444e-02
2.950050309300422668e-02
2.444680407643318176e-02
5.572367832064628601e-02
2.485601603984832764e-02
2.029233798384666443e-02
5.422289669513702393e-02
4.811912029981613159e-02
5.187510326504707336e-02
7.240705937147140503e-02
1.713062264025211334e-02
4.831277206540107727e-02
3.079110383987426758e-02
1.489257346838712692e-02
2.040978893637657166e-02
1.366421859711408615e-02
8.454924821853637695e-02
3.067332319915294647e-02
3.893796354532241821e-02
2.147974632680416107e-02
1.813616976141929626e-02
1.623881421983242035e-02
4.043114557862281799e-02
2.582680061459541321e-02
2.159166522324085236e-02
7.682092953473329544e-03
1.115908026695251465e-01
8.095356076955795288e-02
3.027268312871456146e-02
6.676930934190750122e-02
5.578741431236267090e-02
6.601437181234359741e-02
4.647599533200263977e-02
3.873464092612266541e-02
7.815348356962203979e-02
3.360849991440773010e-02
2.068538032472133636e-02
9.100822359323501587e-02
7.680385559797286987e-02
1.257706526666879654e-02
2.223955094814300537e-02
4.235727712512016296e-02
4.192661866545677185e-02
4.260346665978431702e-02
1.186435297131538391e-02
4.438123106956481934e-02
5.162115767598152161e-02
2.941334433853626251e-02
3.664086014032363892e-02
4.477878659963607788e-02
4.070013016462326050e-02
4.638121649622917175e-02
2.491063997149467468e-02
2.998483739793300629e-02
4.228271543979644775e-02
2.269144169986248016e-02
3.110231831669807434e-02
8.765930682420730591e-02
4.103498160839080811e-02
7.178594172000885010e-02
1.765073090791702271e-02
2.664293721318244934e-02
6.759584695100784302e-02
2.807908691465854645e-02
1.941774226725101471e-02
9.313459694385528564e-02
1.892154291272163391e-02
2.506428770720958710e-02
2.065865322947502136e-02
2.397235482931137085e-02
6.196385249495506287e-02
5.574221163988113403e-02
1.821171492338180542e-02
3.906581178307533264e-02
6.639400869607925415e-02
4.487577453255653381e-02
4.040651395916938782e-02
1.992131397128105164e-02
4.999569803476333618e-02
3.807799145579338074e-02
5.751605704426765442e-02
3.738530352711677551e-02
1.838552765548229218e-02
1.254945434629917145e-02
2.968624979257583618e-02
2.615662850439548492e-02
2.990358136594295502e-02
1.154388487339019775e-01
1.941132545471191406e-02
3.248431906104087830e-02
6.587041169404983521e-02
3.340589627623558044e-02
4.354086145758628845e-02
7.665642350912094116e-02
2.609199285507202148e-02
3.364442288875579834e-02
2.236401662230491638e-02
5.011589825153350830e-02
3.523626923561096191e-02
2.220471017062664032e-02
4.153577610850334167e-03
5.386320501565933228e-02
9.050298482179641724e-02
5.025525391101837158e-02
1.303444895893335342e-02
4.698461294174194336e-02
3.930718079209327698e-02
3.146915510296821594e-02
1.459819637238979340e-02
4.815517365932464600e-02
3.187511116266250610e-02
3.097847290337085724e-02
3.585845232009887695e-02
2.813373878598213196e-02
1.981968991458415985e-02
5.378746986389160156e-02
