1.024645385742187500e+02
8.935301208496093750e+01
9.106289672851562500e+01
9.897867584228515625e+01
9.066314697265625000e+01
1.150080108642578125e+02
1.093918075561523438e+02
7.832587432861328125e+01
1.064246749877929688e+02
7.973183441162109375e+01
8.217610168457031250e+01
1.170731811523437500e+02
8.569936370849609375e+01
1.173518981933593750e+02
9.517505645751953125e+01
5.701891708374023438e+01
6.459797668457031250e+01
8.412524414062500000e+01
6.602539825439453125e+01
9.605809783935546875e+01
1.028137664794921875e+02
8.892706298828125000e+01
1.041775817871093750e+02
1.160846252441406250e+02
8.177983856201171875e+01
9.741780090332031250e+01
9.188275146484375000e+01
6.789445495605468750e+01
6.296104812622070312e+01
1.014418945312500000e+02
9.520975494384765625e+01
1.233243484497070312e+02
1.215820236206054688e+02
8.714881134033203125e+01
8.287189483642578125e+01
8.458646392822265625e+01
8.510774993896484375e+01
7.615266418457031250e+01
6.989154815673828125e+01
7.027823638916015625e+01
9.107325744628906250e+01
7.087919616699218750e+01
6.964492797851562500e+01
9.531421661376953125e+01
1.187458343505859375e+02
8.314111328125000000e+01
9.423209381103515625e+01
6.054396057128906250e+01
9.777779388427734375e+01
1.161526489257812500e+02
7.594635772705078125e+01
7.319886016845703125e+01
7.203678894042968750e+01
1.180017471313476562e+02
9.472931671142578125e+01
6.776754760742187500e+01
1.087235870361328125e+02
8.697109985351562500e+01
1.017370758056640625e+02
9.867211914062500000e+01
8.774391937255859375e+01
9.119705200195312500e+01
1.255111694335937500e+02
1.237392578125000000e+02
1.098284606933593750e+02
7.983541107177734375e+01
6.884854888916015625e+01
1.024596099853515625e+02
7.609400177001953125e+01
1.099471969604492188e+02
7.913985443115234375e+01
8.297192382812500000e+01
9.850949859619140625e+01
1.284553680419921875e+02
7.212182617187500000e+01
1.169927444458007812e+02
7.948067474365234375e+01
8.685211181640625000e+01
1.042408599853515625e+02
9.032180786132812500e+01
1.044130477905273438e+02
8.901747131347656250e+01
1.202856826782226562e+02
9.548199462890625000e+01
7.849914550781250000e+01
9.050179290771484375e+01
9.508464050292968750e+01
8.337629699707031250e+01
9.327334594726562500e+01
1.026761627197265625e+02
8.636499786376953125e+01
1.044273071289062500e+02
1.030610351562500000e+02
1.057154006958007812e+02
7.312216186523437500e+01
9.750114440917968750e+01
7.250686645507812500e+01
1.300749511718750000e+02
5.164009857177734375e+01
1.367381286621093750e+02
7.818035888671875000e+01
8.606900024414062500e+01
8.607511138916015625e+01
1.154352722167968750e+02
1.272160720825195312e+02
1.163137588500976562e+02
6.800154113769531250e+01
7.249211120605468750e+01
7.532552337646484375e+01
1.227041702270507812e+02
7.024867248535156250e+01
9.744821929931640625e+01
7.049348449707031250e+01
6.970859527587890625e+01
1.057852249145507812e+02
1.033120956420898438e+02
9.076843261718750000e+01
1.182080841064453125e+02
1.077763442993164062e+02
9.907795715332031250e+01
9.111987304687500000e+01
1.065680694580078125e+02
8.639031982421875000e+01
1.167245712280273438e+02
7.282372283935546875e+01
8.606395721435546875e+01
1.302186737060546875e+02
1.155037231445312500e+02
8.638951873779296875e+01
9.357190704345703125e+01
8.802178192138671875e+01
1.310751800537109375e+02
1.094453201293945312e+02
9.168153381347656250e+01
6.566573333740234375e+01
8.810816955566406250e+01
9.701231384277343750e+01
1.164076995849609375e+02
9.613606262207031250e+01
8.362631988525390625e+01
1.150356369018554688e+02
1.163352584838867188e+02
7.835108947753906250e+01
9.897302246093750000e+01
1.168226089477539062e+02
5.712289810180664062e+01
7.418463897705078125e+01
1.108912811279296875e+02
1.127172317504882812e+02
9.351454162597656250e+01
6.352726745605468750e+01
6.780565643310546875e+01
7.110168457031250000e+01
1.368845977783203125e+02
9.992028808593750000e+01
9.418812561035156250e+01
6.806066131591796875e+01
8.506752777099609375e+01
8.111967468261718750e+01
7.485023498535156250e+01
7.724935913085937500e+01
8.490312957763671875e+01
7.653453826904296875e+01
1.211608505249023438e+02
8.371764373779296875e+01
7.621153259277343750e+01
1.283757019042968750e+02
9.337463378906250000e+01
8.898997497558593750e+01
1.225799713134765625e+02
6.690633392333984375e+01
7.568909454345703125e+01
1.392920989990234375e+02
1.103908691406250000e+02
1.011566314697265625e+02
7.316184997558593750e+01
8.086022186279296875e+01
8.010305786132812500e+01
8.971381378173828125e+01
1.405077972412109375e+02
1.132833328247070312e+02
1.003530654907226562e+02
8.147653198242187500e+01
1.037644119262695312e+02
1.090422439575195312e+02
1.113015747070312500e+02
8.280213165283203125e+01
7.763536071777343750e+01
8.659970092773437500e+01
1.023273544311523438e+02
1.258262252807617188e+02
1.119616851806640625e+02
8.486688232421875000e+01
7.571556091308593750e+01
6.542910766601562500e+01
7.598668670654296875e+01
1.061891098022460938e+02
1.036096725463867188e+02
9.549581909179687500e+01
1.008890075683593750e+02
1.348228149414062500e+02
8.379708099365234375e+01
1.115120468139648438e+02
8.263661193847656250e+01
1.301754913330078125e+02
8.373050689697265625e+01
7.123577117919921875e+01
1.231681823730468750e+02
9.348320770263671875e+01
7.069518280029296875e+01
7.042481994628906250e+01
8.008052825927734375e+01
7.147071075439453125e+01
1.038025207519531250e+02
6.152422332763671875e+01
1.051296997070312500e+02
1.235852203369140625e+02
8.085818481445312500e+01
1.080372695922851562e+02
1.083158187866210938e+02
1.125566940307617188e+02
1.246906204223632812e+02
1.023912200927734375e+02
1.025195083618164062e+02
1.099086990356445312e+02
6.409393310546875000e+01
9.773124694824218750e+01
7.752364349365234375e+01
1.141553497314453125e+02
1.119283447265625000e+02
1.088821487426757812e+02
9.540371704101562500e+01
1.200270462036132812e+02
9.845417785644531250e+01
8.381565093994140625e+01
1.173050003051757812e+02
7.410459136962890625e+01
1.313958435058593750e+02
4.206597518920898438e+01
9.081928253173828125e+01
1.014117813110351562e+02
8.347950744628906250e+01
1.189179992675781250e+02
7.176457214355468750e+01
1.095509719848632812e+02
9.789402008056640625e+01
6.460956573486328125e+01
8.079261779785156250e+01
9.049381256103515625e+01
4.907466125488281250e+01
1.087325210571289062e+02
7.580708312988281250e+01
1.050119094848632812e+02
1.220161209106445312e+02
1.155424957275390625e+02
1.051110000610351562e+02
9.646949005126953125e+01
7.494968414306640625e+01
6.951098632812500000e+01
7.446743011474609375e+01
9.367977142333984375e+01
1.157782440185546875e+02
1.024097137451171875e+02
8.155382537841796875e+01
8.798966979980468750e+01
1.033128509521484375e+02
8.822890472412109375e+01
8.757913970947265625e+01
9.243011474609375000e+01
7.055406951904296875e+01
8.042886352539062500e+01
1.012840347290039062e+02
8.009011840820312500e+01
7.626484680175781250e+01
9.717171478271484375e+01
1.234759063720703125e+02
7.664250946044921875e+01
6.478315734863281250e+01
9.766776275634765625e+01
8.345911407470703125e+01
7.827120971679687500e+01
1.277523193359375000e+02
7.756787872314453125e+01
7.555874633789062500e+01
9.380590057373046875e+01
1.093169250488281250e+02
8.618978881835937500e+01
8.725348663330078125e+01
9.090505981445312500e+01
8.460472106933593750e+01
8.107603454589843750e+01
1.108857192993164062e+02
1.023636550903320312e+02
1.211551208496093750e+02
1.176706695556640625e+02
7.464771270751953125e+01
9.709619903564453125e+01
6.441835021972656250e+01
7.215017700195312500e+01
1.087348937988281250e+02
8.501448822021484375e+01
9.105617523193359375e+01
1.441760253906250000e+02
9.581723785400390625e+01
7.961667633056640625e+01
8.191154479980468750e+01
1.099861450195312500e+02
1.187915496826171875e+02
1.202310104370117188e+02
8.837800598144531250e+01
9.152307128906250000e+01
9.505285644531250000e+01
1.144456939697265625e+02
8.771868896484375000e+01
1.223258361816406250e+02
1.066471862792968750e+02
1.070845718383789062e+02
9.672457885742187500e+01
1.019319000244140625e+02
8.124044799804687500e+01
7.792657470703125000e+01
9.272900390625000000e+01
1.212908477783203125e+02
6.409448242187500000e+01
1.040585174560546875e+02
8.048535919189453125e+01
1.184056625366210938e+02
9.778640747070312500e+01
9.105924987792968750e+01
1.246412811279296875e+02
8.885734558105468750e+01
1.174376983642578125e+02
1.140915222167968750e+02
7.370254516601562500e+01
8.220284271240234375e+01
1.035051498413085938e+02
1.144930191040039062e+02
1.258134078979492188e+02
1.313783569335937500e+02
7.016818237304687500e+01
1.293917846679687500e+02
8.661268615722656250e+01
1.051942443847656250e+02
7.165267181396484375e+01
8.147029876708984375e+01
1.005537948608398438e+02
6.832669067382812500e+01
1.120817718505859375e+02
9.230277252197265625e+01
1.005363311767578125e+02
1.149752731323242188e+02
8.327005004882812500e+01
1.347304687500000000e+02
6.347241210937500000e+01
1.009142074584960938e+02
8.221810150146484375e+01
4.827705383300781250e+01
1.151895065307617188e+02
9.815472412109375000e+01
7.112665557861328125e+01
1.172811355590820312e+02
7.201070404052734375e+01
8.131945037841796875e+01
1.104145202636718750e+02
8.540725708007812500e+01
8.452484893798828125e+01
9.838446044921875000e+01
9.977970123291015625e+01
8.530903625488281250e+01
9.781986236572265625e+01
9.556048583984375000e+01
1.109712219238281250e+02
9.225547790527343750e+01
7.328702545166015625e+01
6.905200195312500000e+01
7.458897399902343750e+01
8.982968902587890625e+01
1.195343933105468750e+02
9.020809173583984375e+01
8.499980163574218750e+01
5.682200622558593750e+01
7.224449157714843750e+01
9.129777526855468750e+01
8.292430114746093750e+01
1.085049438476562500e+02
7.626279449462890625e+01
7.611534881591796875e+01
7.917933654785156250e+01
8.661381530761718750e+01
9.043779754638671875e+01
9.341583251953125000e+01
1.006155242919921875e+02
9.551809692382812500e+01
1.265048599243164062e+02
1.151070480346679688e+02
9.591414642333984375e+01
8.318638610839843750e+01
7.004960632324218750e+01
9.514546966552734375e+01
9.928761291503906250e+01
1.021697158813476562e+02
9.473036193847656250e+01
1.302877655029296875e+02
1.172787246704101562e+02
9.804619598388671875e+01
7.586956024169921875e+01
6.828435516357421875e+01
1.438227539062500000e+02
8.558634948730468750e+01
7.474670410156250000e+01
7.356110382080078125e+01
6.508657073974609375e+01
1.233912734985351562e+02
1.113789215087890625e+02
8.398043060302734375e+01
9.630578613281250000e+01
1.257963943481445312e+02
8.199148559570312500e+01
6.141445922851562500e+01
7.752202606201171875e+01
7.219715881347656250e+01
1.078554458618164062e+02
6.023629760742187500e+01
8.486841583251953125e+01
1.019353103637695312e+02
7.844778442382812500e+01
7.187625122070312500e+01
6.863497161865234375e+01
5.996259689331054688e+01
1.308136901855468750e+02
9.708783721923828125e+01
9.362361907958984375e+01
7.069732666015625000e+01
1.058327484130859375e+02
1.213943557739257812e+02
6.265971755981445312e+01
6.653459167480468750e+01
1.033129730224609375e+02
1.065737380981445312e+02
9.070343017578125000e+01
1.062357482910156250e+02
1.024839248657226562e+02
1.111045227050781250e+02
9.597439575195312500e+01
7.116740417480468750e+01
9.189865112304687500e+01
1.253852462768554688e+02
6.132706069946289062e+01
7.042252349853515625e+01
9.040227508544921875e+01
9.909618377685546875e+01
1.049134979248046875e+02
7.623335266113281250e+01
7.032421112060546875e+01
1.042335510253906250e+02
1.108003692626953125e+02
6.180181884765625000e+01
1.300542449951171875e+02
7.992346191406250000e+01
6.632533264160156250e+01
8.139134979248046875e+01
1.121699981689453125e+02
1.007509841918945312e+02
7.308838653564453125e+01
7.585416412353515625e+01
9.387693786621093750e+01
5.589984893798828125e+01
1.246681976318359375e+02
1.234200744628906250e+02
1.123717727661132812e+02
5.999922943115234375e+01
1.084603576660156250e+02
1.179085006713867188e+02
6.907399749755859375e+01
1.203378372192382812e+02
1.066282119750976562e+02
7.898157501220703125e+01
9.003094482421875000e+01
8.786493682861328125e+01
1.048579711914062500e+02
9.257048034667968750e+01
1.146092453002929688e+02
9.024967193603515625e+01
8.591186523437500000e+01
9.889652252197265625e+01
1.058428115844726562e+02
9.968225097656250000e+01
1.123352508544921875e+02
1.436519622802734375e+02
1.098082733154296875e+02
1.017540130615234375e+02
8.067106628417968750e+01
1.122711563110351562e+02
7.108476257324218750e+01
7.872891235351562500e+01
9.097584533691406250e+01
7.617839813232421875e+01
1.180957489013671875e+02
1.534434967041015625e+02
8.365527343750000000e+01
1.109654006958007812e+02
1.152464981079101562e+02
1.112343215942382812e+02
7.718802642822265625e+01
1.123824996948242188e+02
8.047660064697265625e+01
6.934741973876953125e+01
8.434362792968750000e+01
9.056927490234375000e+01
1.320886230468750000e+02
1.033218994140625000e+02
1.000963134765625000e+02
8.533704376220703125e+01
1.018427886962890625e+02
1.420026855468750000e+02
8.219915771484375000e+01
9.555023956298828125e+01
1.189319076538085938e+02
1.119291076660156250e+02
1.177624130249023438e+02
9.132671356201171875e+01
1.037796707153320312e+02
8.631728363037109375e+01
7.697952270507812500e+01
6.847628784179687500e+01
7.194090270996093750e+01
9.247104644775390625e+01
9.661296844482421875e+01
1.151293258666992188e+02
8.712635040283203125e+01
9.606657409667968750e+01
1.165662841796875000e+02
9.983129882812500000e+01
7.391333770751953125e+01
9.833316040039062500e+01
1.224531936645507812e+02
1.336746063232421875e+02
9.013181304931640625e+01
1.087387008666992188e+02
8.042195129394531250e+01
9.828488159179687500e+01
1.177839813232421875e+02
1.030477828979492188e+02
8.550080871582031250e+01
1.253840942382812500e+02
1.044087448120117188e+02
1.024483718872070312e+02
9.347722625732421875e+01
6.655115509033203125e+01
1.211263198852539062e+02
1.066541213989257812e+02
7.863146972656250000e+01
1.278006362915039062e+02
1.107203216552734375e+02
7.540652465820312500e+01
6.229293441772460938e+01
1.132013092041015625e+02
1.255545196533203125e+02
7.178702545166015625e+01
6.977359771728515625e+01
9.596456909179687500e+01
7.897055053710937500e+01
7.164609527587890625e+01
9.298892211914062500e+01
7.570741271972656250e+01
1.093993377685546875e+02
6.357666778564453125e+01
9.325757598876953125e+01
9.610075378417968750e+01
9.090783691406250000e+01
9.778562927246093750e+01
8.286599731445312500e+01
7.886779785156250000e+01
8.236073303222656250e+01
8.056593322753906250e+01
1.165688476562500000e+02
8.473082733154296875e+01
9.154470825195312500e+01
8.430034637451171875e+01
1.267250747680664062e+02
1.292848205566406250e+02
7.239383697509765625e+01
5.940183639526367188e+01
9.784731292724609375e+01
1.225961685180664062e+02
7.017362213134765625e+01
1.277849197387695312e+02
7.202281188964843750e+01
8.530603790283203125e+01
8.004830932617187500e+01
1.205833740234375000e+02
9.450308227539062500e+01
7.379730224609375000e+01
8.024056243896484375e+01
1.116961059570312500e+02
8.252900695800781250e+01
1.056170501708984375e+02
1.004645233154296875e+02
9.510166168212890625e+01
8.910225677490234375e+01
8.945440673828125000e+01
8.711041259765625000e+01
1.050350494384765625e+02
6.217777252197265625e+01
5.686606597900390625e+01
1.160348968505859375e+02
8.461118316650390625e+01
1.174482955932617188e+02
1.047191848754882812e+02
1.009280090332031250e+02
1.148399505615234375e+02
1.262000198364257812e+02
1.136840820312500000e+02
8.256598663330078125e+01
7.543883514404296875e+01
1.111401748657226562e+02
1.120048980712890625e+02
9.733506774902343750e+01
1.224550323486328125e+02
9.989518737792968750e+01
7.989647674560546875e+01
7.356306457519531250e+01
1.057166213989257812e+02
1.122706756591796875e+02
1.144595565795898438e+02
8.550823211669921875e+01
1.053123321533203125e+02
1.137072753906250000e+02
1.035151519775390625e+02
9.338147735595703125e+01
9.584430694580078125e+01
1.037960586547851562e+02
7.307830047607421875e+01
1.203210754394531250e+02
1.064512939453125000e+02
8.703221130371093750e+01
1.171909942626953125e+02
1.106814956665039062e+02
9.417021179199218750e+01
7.136543273925781250e+01
1.349331970214843750e+02
1.058125228881835938e+02
1.208484954833984375e+02
9.930005645751953125e+01
9.861055755615234375e+01
7.382115936279296875e+01
1.087385711669921875e+02
1.067850112915039062e+02
1.155625228881835938e+02
1.080469818115234375e+02
7.791590118408203125e+01
6.394545364379882812e+01
9.261199951171875000e+01
1.065342636108398438e+02
1.006305999755859375e+02
1.176598205566406250e+02
6.590464019775390625e+01
9.131943511962890625e+01
5.811389160156250000e+01
9.858692932128906250e+01
9.437656402587890625e+01
8.461019134521484375e+01
1.071992492675781250e+02
6.410111236572265625e+01
9.983132171630859375e+01
1.131207733154296875e+02
1.072667236328125000e+02
1.202460250854492188e+02
1.277420349121093750e+02
8.559147644042968750e+01
8.539051055908203125e+01
6.360783767700195312e+01
8.101696014404296875e+01
1.093486251831054688e+02
8.098692321777343750e+01
1.159735870361328125e+02
1.026781616210937500e+02
9.630092620849609375e+01
9.704829406738281250e+01
9.517900085449218750e+01
7.819007110595703125e+01
1.026886596679687500e+02
9.343888854980468750e+01
1.058234939575195312e+02
9.654476165771484375e+01
1.099165725708007812e+02
7.985472106933593750e+01
7.560630035400390625e+01
9.676155853271484375e+01
1.198615188598632812e+02
1.045074234008789062e+02
8.356713867187500000e+01
9.973174285888671875e+01
1.037604217529296875e+02
8.794998168945312500e+01
6.123284912109375000e+01
1.121597595214843750e+02
1.147465362548828125e+02
1.185821456909179688e+02
9.329639434814453125e+01
1.036950607299804688e+02
9.442333984375000000e+01
9.741956329345703125e+01
9.025098419189453125e+01
1.102659759521484375e+02
1.022065124511718750e+02
9.985395050048828125e+01
9.003498840332031250e+01
6.874023437500000000e+01
1.347366485595703125e+02
7.783466339111328125e+01
1.088667373657226562e+02
8.224822235107421875e+01
1.048949508666992188e+02
7.156416320800781250e+01
8.883923339843750000e+01
1.216925201416015625e+02
1.077436752319335938e+02
9.451901245117187500e+01
9.390374755859375000e+01
9.228514862060546875e+01
8.318010711669921875e+01
1.175354003906250000e+02
9.618335723876953125e+01
9.207321166992187500e+01
9.950331878662109375e+01
1.271508255004882812e+02
1.133483963012695312e+02
1.332299194335937500e+02
8.662207794189453125e+01
1.146822967529296875e+02
8.415309906005859375e+01
1.138588943481445312e+02
1.249205703735351562e+02
8.599726867675781250e+01
1.287117767333984375e+02
6.953521728515625000e+01
1.028102188110351562e+02
8.373255920410156250e+01
1.240549468994140625e+02
1.010766677856445312e+02
8.215124511718750000e+01
1.497384643554687500e+02
1.040178375244140625e+02
6.016904830932617188e+01
1.033336105346679688e+02
9.170510864257812500e+01
7.031542968750000000e+01
9.909619903564453125e+01
9.935748291015625000e+01
1.169554214477539062e+02
1.121663970947265625e+02
1.016799316406250000e+02
1.465136566162109375e+02
8.092379760742187500e+01
1.101373748779296875e+02
9.240441894531250000e+01
1.123633575439453125e+02
1.334462432861328125e+02
8.669033813476562500e+01
9.138912200927734375e+01
1.011960754394531250e+02
6.382511901855468750e+01
1.182107696533203125e+02
7.742976379394531250e+01
6.404989624023437500e+01
7.217117309570312500e+01
6.802217102050781250e+01
8.405336761474609375e+01
6.973509979248046875e+01
1.159370498657226562e+02
9.126442718505859375e+01
7.862762451171875000e+01
1.041978988647460938e+02
1.116359329223632812e+02
9.503373718261718750e+01
6.862218475341796875e+01
6.549402618408203125e+01
7.833901977539062500e+01
8.816019439697265625e+01
9.168182373046875000e+01
8.747586059570312500e+01
9.095870208740234375e+01
9.741790008544921875e+01
7.636836242675781250e+01
6.847092437744140625e+01
9.470161437988281250e+01
8.046757507324218750e+01
1.246695709228515625e+02
1.065514450073242188e+02
8.087756347656250000e+01
6.786844635009765625e+01
7.803854370117187500e+01
1.163698501586914062e+02
1.571840209960937500e+02
1.223729095458984375e+02
1.114355239868164062e+02
6.811798858642578125e+01
6.311075973510742188e+01
5.835506057739257812e+01
8.720886993408203125e+01
1.055663223266601562e+02
8.512103271484375000e+01
1.002687759399414062e+02
1.063834457397460938e+02
9.343084716796875000e+01
6.899495697021484375e+01
9.825523376464843750e+01
1.363627166748046875e+02
