1.395440101623535156e-01
1.181174516677856445e-01
1.265331208705902100e-01
1.301325708627700806e-01
1.020735129714012146e-01
1.019752770662307739e-01
1.177130565047264099e-01
1.307706683874130249e-01
1.439446955919265747e-01
1.134812682867050171e-01
1.045701727271080017e-01
1.137967109680175781e-01
1.863815933465957642e-01
1.204530745744705200e-01
1.209357380867004395e-01
1.223634481430053711e-01
1.237112134695053101e-01
1.040029749274253845e-01
8.981531113386154175e-02
1.117538884282112122e-01
9.798346459865570068e-02
1.369263827800750732e-01
1.122304201126098633e-01
9.574330598115921021e-02
1.048030704259872437e-01
1.208375915884971619e-01
1.094128862023353577e-01
1.023210883140563965e-01
1.065480187535285950e-01
1.128991097211837769e-01
1.254121810197830200e-01
1.120173186063766479e-01
1.300035864114761353e-01
9.910345822572708130e-02
1.160435006022453308e-01
9.836700558662414551e-02
1.172649413347244263e-01
1.282942593097686768e-01
1.264997720718383789e-01
1.135568544268608093e-01
9.519338607788085938e-02
1.072239205241203308e-01
1.037496551871299744e-01
1.216625720262527466e-01
1.351254433393478394e-01
1.555460691452026367e-01
9.844624996185302734e-02
1.124577000737190247e-01
1.201302930712699890e-01
1.118886545300483704e-01
1.097535341978073120e-01
1.200378760695457458e-01
1.071385964751243591e-01
1.148107424378395081e-01
1.182279288768768311e-01
9.764522314071655273e-02
1.263436228036880493e-01
1.143309026956558228e-01
1.134672611951828003e-01
1.185222864151000977e-01
1.113302856683731079e-01
1.072619631886482239e-01
6.819598376750946045e-02
9.749181568622589111e-02
1.236548945307731628e-01
1.021484881639480591e-01
1.026588976383209229e-01
9.265184402465820312e-02
9.980116784572601318e-02
1.355550289154052734e-01
1.225382313132286072e-01
9.795106202363967896e-02
1.092729866504669189e-01
1.055662557482719421e-01
1.261492222547531128e-01
1.077958941459655762e-01
1.004772558808326721e-01
1.082283928990364075e-01
1.393354237079620361e-01
9.747997671365737915e-02
1.147225052118301392e-01
1.059153079986572266e-01
1.258633136749267578e-01
1.069353818893432617e-01
1.021604835987091064e-01
9.822075068950653076e-02
1.075880378484725952e-01
9.192217886447906494e-02
9.026110172271728516e-02
1.161393523216247559e-01
1.216592490673065186e-01
1.181340441107749939e-01
9.578499943017959595e-02
1.744232624769210815e-01
8.136405050754547119e-02
1.165267825126647949e-01
1.467427760362625122e-01
1.504464894533157349e-01
9.945918619632720947e-02
1.120734959840774536e-01
1.615497767925262451e-01
1.246588826179504395e-01
1.287025809288024902e-01
8.543541282415390015e-02
1.022269129753112793e-01
8.222658187150955200e-02
1.100482791662216187e-01
1.071018800139427185e-01
7.086350768804550171e-02
8.680240064859390259e-02
1.053086146712303162e-01
1.295991539955139160e-01
1.067220941185951233e-01
1.019336506724357605e-01
1.096543669700622559e-01
1.145082637667655945e-01
1.239516586065292358e-01
1.185977533459663391e-01
9.117668122053146362e-02
1.449113488197326660e-01
1.040585935115814209e-01
1.077634021639823914e-01
1.059762760996818542e-01
1.369428783655166626e-01
1.368131339550018311e-01
8.003353327512741089e-02
1.134373471140861511e-01
1.075293421745300293e-01
1.086262539029121399e-01
1.285512447357177734e-01
1.161106303334236145e-01
1.289845108985900879e-01
1.316911876201629639e-01
1.179139614105224609e-01
1.046464294195175171e-01
1.125583723187446594e-01
1.238559782505035400e-01
1.097106561064720154e-01
1.284939497709274292e-01
1.104594469070434570e-01
1.099082008004188538e-01
1.115619093179702759e-01
1.195264235138893127e-01
1.083134487271308899e-01
1.475781500339508057e-01
1.085933819413185120e-01
1.180101186037063599e-01
1.221984326839447021e-01
1.021700724959373474e-01
1.083213239908218384e-01
9.707808494567871094e-02
1.040043458342552185e-01
1.204706728458404541e-01
1.002363711595535278e-01
1.003443300724029541e-01
1.138521805405616760e-01
1.095446348190307617e-01
1.132753118872642517e-01
1.287532746791839600e-01
1.002269610762596130e-01
9.880828857421875000e-02
1.070065796375274658e-01
1.141063198447227478e-01
1.107379123568534851e-01
1.022610664367675781e-01
1.233046874403953552e-01
9.941351413726806641e-02
1.077897921204566956e-01
1.125232726335525513e-01
1.112907677888870239e-01
1.361705511808395386e-01
1.581405550241470337e-01
1.164744123816490173e-01
9.464523196220397949e-02
1.171620786190032959e-01
1.051350459456443787e-01
1.141419187188148499e-01
9.564597159624099731e-02
1.125852540135383606e-01
1.204185038805007935e-01
1.444427520036697388e-01
9.970599412918090820e-02
1.090432256460189819e-01
1.037006601691246033e-01
1.235479936003684998e-01
1.176271811127662659e-01
1.001956462860107422e-01
1.225544437766075134e-01
1.058697476983070374e-01
1.212640330195426941e-01
1.181292235851287842e-01
1.217495426535606384e-01
1.535666286945343018e-01
1.128466054797172546e-01
9.569816291332244873e-02
1.153175979852676392e-01
1.533133536577224731e-01
1.156000718474388123e-01
1.047291457653045654e-01
9.877419471740722656e-02
1.306713819503784180e-01
9.412924945354461670e-02
1.096033081412315369e-01
1.222114711999893188e-01
1.959757357835769653e-01
1.472099125385284424e-01
1.284244358539581299e-01
1.292351037263870239e-01
1.252189129590988159e-01
1.212171092629432678e-01
1.090481653809547424e-01
8.349970728158950806e-02
1.100261583924293518e-01
9.362696856260299683e-02
1.181279420852661133e-01
1.185575649142265320e-01
1.286536902189254761e-01
1.094239205121994019e-01
1.125957146286964417e-01
1.115816608071327209e-01
8.537661284208297729e-02
1.191058084368705750e-01
1.148921623826026917e-01
1.374454796314239502e-01
1.087636426091194153e-01
1.038953363895416260e-01
1.396104097366333008e-01
1.251456737518310547e-01
7.879985123872756958e-02
1.244598850607872009e-01
1.081190556287765503e-01
8.856308460235595703e-02
1.034493595361709595e-01
1.043163090944290161e-01
1.108288392424583435e-01
1.252471655607223511e-01
1.028829962015151978e-01
9.397644549608230591e-02
8.762011677026748657e-02
9.351082146167755127e-02
1.629997044801712036e-01
1.326962113380432129e-01
1.252294927835464478e-01
1.278219968080520630e-01
8.695317059755325317e-02
1.023353636264801025e-01
9.199700504541397095e-02
1.032923087477684021e-01
1.037738993763923645e-01
1.408223807811737061e-01
1.245112046599388123e-01
9.565272927284240723e-02
1.427035778760910034e-01
1.323873102664947510e-01
9.568932652473449707e-02
1.102945432066917419e-01
1.095294803380966187e-01
9.315413981676101685e-02
1.092929020524024963e-01
1.175215914845466614e-01
1.047801226377487183e-01
1.379648298025131226e-01
1.201435253024101257e-01
1.385428905487060547e-01
1.068152040243148804e-01
1.043037474155426025e-01
9.929741919040679932e-02
1.210940554738044739e-01
1.103028133511543274e-01
1.092375814914703369e-01
1.250317096710205078e-01
1.283456236124038696e-01
1.211245805025100708e-01
1.247301027178764343e-01
8.977916836738586426e-02
1.139056384563446045e-01
1.392044275999069214e-01
9.940839558839797974e-02
1.149880066514015198e-01
1.066515371203422546e-01
1.060774624347686768e-01
1.135830506682395935e-01
1.367564648389816284e-01
1.102778539061546326e-01
9.996751695871353149e-02
7.938881963491439819e-02
1.087349057197570801e-01
1.020499095320701599e-01
1.297374218702316284e-01
1.173039525747299194e-01
8.761425316333770752e-02
1.144907549023628235e-01
1.326807886362075806e-01
7.810302823781967163e-02
1.077612265944480896e-01
9.411589056253433228e-02
9.961801767349243164e-02
1.111381053924560547e-01
9.207588434219360352e-02
1.201342865824699402e-01
9.506975859403610229e-02
1.197800412774085999e-01
7.084146887063980103e-02
8.566858619451522827e-02
1.169081032276153564e-01
1.128897443413734436e-01
1.347344964742660522e-01
8.940353989601135254e-02
1.427988260984420776e-01
1.456913203001022339e-01
1.117790266871452332e-01
1.432401388883590698e-01
1.489423960447311401e-01
1.294676661491394043e-01
1.236726567149162292e-01
6.484267115592956543e-02
1.329100728034973145e-01
1.142218932509422302e-01
9.867427498102188110e-02
9.295510500669479370e-02
1.141723990440368652e-01
8.436892926692962646e-02
9.554321318864822388e-02
1.077649667859077454e-01
6.584926694631576538e-02
1.710177958011627197e-01
7.432944327592849731e-02
1.238343715667724609e-01
1.029521450400352478e-01
1.277481913566589355e-01
1.143903136253356934e-01
1.577718555927276611e-01
1.104339808225631714e-01
1.042265370488166809e-01
9.663344174623489380e-02
1.169849485158920288e-01
1.275736987590789795e-01
8.669700473546981812e-02
1.218371763825416565e-01
1.150241643190383911e-01
1.252021342515945435e-01
8.392000198364257812e-02
1.141103953123092651e-01
1.011088863015174866e-01
1.214728951454162598e-01
1.564419865608215332e-01
1.117629110813140869e-01
1.005470678210258484e-01
1.154439449310302734e-01
1.008331328630447388e-01
1.427316367626190186e-01
1.387270539999008179e-01
1.173210516571998596e-01
1.034338623285293579e-01
1.185149997472763062e-01
1.144539266824722290e-01
1.176627799868583679e-01
1.203974932432174683e-01
9.060427546501159668e-02
1.213730201125144958e-01
1.278141587972640991e-01
9.398479014635086060e-02
1.115671321749687195e-01
1.079337000846862793e-01
1.164285391569137573e-01
1.091056391596794128e-01
9.830541163682937622e-02
1.121844351291656494e-01
1.292804628610610962e-01
1.744480729103088379e-01
1.167101562023162842e-01
7.482387125492095947e-02
1.028813794255256653e-01
1.027598381042480469e-01
9.704185277223587036e-02
1.125653311610221863e-01
1.225354075431823730e-01
1.498359888792037964e-01
1.182562932372093201e-01
1.020411103963851929e-01
8.916857838630676270e-02
1.059130132198333740e-01
1.823684722185134888e-01
1.218864992260932922e-01
8.991691470146179199e-02
1.120409891009330750e-01
1.185808330774307251e-01
1.129160895943641663e-01
1.123290657997131348e-01
1.579872220754623413e-01
9.353341162204742432e-02
1.231159642338752747e-01
1.099002808332443237e-01
1.028569564223289490e-01
1.140961870551109314e-01
1.130235567688941956e-01
9.982642531394958496e-02
1.202015355229377747e-01
1.145980209112167358e-01
1.028170362114906311e-01
9.320481866598129272e-02
1.291125416755676270e-01
1.083867177367210388e-01
9.384465217590332031e-02
1.111182570457458496e-01
1.092316359281539917e-01
1.144369840621948242e-01
1.141559407114982605e-01
1.206160262227058411e-01
1.367820799350738525e-01
1.048520132899284363e-01
1.127898767590522766e-01
9.960138052701950073e-02
1.448077857494354248e-01
1.022442579269409180e-01
1.564529091119766235e-01
1.056752651929855347e-01
1.482911407947540283e-01
1.252819001674652100e-01
9.778609871864318848e-02
1.274412274360656738e-01
1.101842597126960754e-01
8.273963630199432373e-02
1.020608618855476379e-01
1.007938235998153687e-01
1.351740509271621704e-01
1.118716150522232056e-01
9.843411296606063843e-02
1.039192825555801392e-01
8.705592900514602661e-02
9.181061387062072754e-02
1.494651585817337036e-01
1.089247390627861023e-01
1.670569479465484619e-01
9.575795382261276245e-02
1.101165488362312317e-01
1.157224550843238831e-01
1.127840057015419006e-01
8.258587121963500977e-02
8.061194419860839844e-02
1.068006306886672974e-01
1.660010218620300293e-01
1.027295142412185669e-01
1.125227734446525574e-01
1.213455796241760254e-01
9.084134548902511597e-02
1.175558716058731079e-01
1.292929947376251221e-01
1.005024015903472900e-01
1.002270579338073730e-01
1.219196990132331848e-01
1.193280965089797974e-01
7.582098245620727539e-02
1.054400205612182617e-01
1.264598667621612549e-01
9.685543924570083618e-02
1.084442809224128723e-01
1.725657731294631958e-01
9.519758075475692749e-02
1.132300272583961487e-01
9.230547398328781128e-02
1.042288169264793396e-01
8.640690892934799194e-02
1.174891293048858643e-01
1.110920161008834839e-01
1.157371774315834045e-01
9.994762390851974487e-02
1.196795478463172913e-01
1.318623572587966919e-01
1.241259500384330750e-01
8.692755550146102905e-02
1.077710539102554321e-01
1.321507096290588379e-01
1.423701345920562744e-01
1.107923090457916260e-01
1.227381825447082520e-01
1.079808324575424194e-01
1.063943579792976379e-01
1.392023861408233643e-01
1.231236159801483154e-01
1.093496084213256836e-01
1.223795637488365173e-01
1.044574156403541565e-01
1.019288152456283569e-01
9.705693274736404419e-02
1.216173693537712097e-01
1.015865057706832886e-01
1.043197214603424072e-01
1.183289662003517151e-01
1.371420621871948242e-01
9.600070863962173462e-02
8.311105519533157349e-02
8.943686634302139282e-02
9.949250519275665283e-02
1.091717854142189026e-01
1.233189404010772705e-01
1.112027093768119812e-01
1.460056900978088379e-01
1.065884009003639221e-01
1.113586053252220154e-01
8.079954981803894043e-02
6.776640564203262329e-02
1.158588081598281860e-01
1.225227862596511841e-01
1.049548164010047913e-01
1.227114126086235046e-01
7.174744457006454468e-02
1.240908429026603699e-01
1.207351312041282654e-01
1.133107393980026245e-01
1.164095327258110046e-01
1.214068830013275146e-01
8.481304347515106201e-02
1.182028502225875854e-01
8.526881784200668335e-02
1.471473872661590576e-01
1.245674565434455872e-01
1.175274848937988281e-01
9.577604383230209351e-02
9.035014361143112183e-02
9.499424695968627930e-02
1.261461526155471802e-01
1.077619343996047974e-01
1.518521904945373535e-01
1.027721688151359558e-01
9.100762009620666504e-02
1.166012808680534363e-01
1.284180432558059692e-01
9.721623361110687256e-02
9.875262528657913208e-02
1.493962556123733521e-01
1.287720948457717896e-01
8.584644645452499390e-02
9.570008516311645508e-02
1.335561275482177734e-01
1.225393489003181458e-01
9.914951771497726440e-02
1.611492931842803955e-01
1.147306710481643677e-01
1.298093199729919434e-01
1.091957241296768188e-01
1.337816715240478516e-01
1.225858330726623535e-01
1.009742915630340576e-01
1.138392537832260132e-01
1.660490036010742188e-01
9.392807632684707642e-02
1.266114562749862671e-01
9.453582763671875000e-02
1.085211262106895447e-01
1.029505729675292969e-01
1.089688539505004883e-01
1.327724903821945190e-01
1.149673312902450562e-01
1.262689381837844849e-01
1.326751857995986938e-01
1.029309034347534180e-01
1.050996929407119751e-01
1.084709912538528442e-01
8.691263198852539062e-02
9.122084826231002808e-02
1.191044896841049194e-01
1.034634485840797424e-01
1.121749505400657654e-01
9.675996750593185425e-02
1.249518990516662598e-01
8.413477987051010132e-02
1.164529025554656982e-01
1.183088123798370361e-01
1.049933806061744690e-01
1.173190623521804810e-01
1.068015694618225098e-01
1.197871044278144836e-01
1.252715289592742920e-01
1.220668181777000427e-01
1.077660396695137024e-01
1.266289055347442627e-01
1.061815395951271057e-01
1.149248853325843811e-01
9.605706483125686646e-02
7.315542548894882202e-02
1.047329530119895935e-01
1.015006899833679199e-01
1.597148925065994263e-01
4.939904063940048218e-02
1.277442127466201782e-01
1.148738488554954529e-01
1.257369667291641235e-01
1.085991784930229187e-01
1.166127920150756836e-01
1.323546469211578369e-01
1.248653158545494080e-01
1.248465329408645630e-01
9.658571332693099976e-02
1.018913537263870239e-01
1.004793345928192139e-01
1.080047115683555603e-01
1.126639395952224731e-01
8.839160203933715820e-02
5.914941802620887756e-02
1.100814193487167358e-01
9.460656344890594482e-02
6.526039540767669678e-02
9.448127448558807373e-02
1.108373403549194336e-01
1.322033852338790894e-01
1.036731675267219543e-01
6.802215427160263062e-02
1.288400739431381226e-01
1.064540520310401917e-01
1.237973347306251526e-01
9.098288416862487793e-02
9.946158528327941895e-02
6.302393972873687744e-02
8.390934020280838013e-02
9.359832108020782471e-02
1.002788022160530090e-01
1.225169152021408081e-01
1.309673041105270386e-01
1.096013635396957397e-01
1.122773140668869019e-01
1.001041010022163391e-01
8.988340198993682861e-02
8.741883933544158936e-02
9.704812616109848022e-02
1.238479092717170715e-01
1.184677183628082275e-01
1.233441755175590515e-01
1.204002425074577332e-01
1.264346688985824585e-01
1.185384765267372131e-01
1.140807345509529114e-01
1.097680851817131042e-01
1.026125252246856689e-01
9.068346768617630005e-02
7.463186979293823242e-02
1.305395662784576416e-01
1.271160542964935303e-01
1.311089247465133667e-01
1.028480678796768188e-01
1.118701249361038208e-01
1.140314266085624695e-01
1.346139162778854370e-01
9.321273863315582275e-02
1.040587872266769409e-01
1.138821244239807129e-01
7.403671741485595703e-02
1.346090286970138550e-01
1.194429323077201843e-01
1.716000139713287354e-01
9.973152726888656616e-02
9.838932007551193237e-02
1.051908433437347412e-01
1.118937954306602478e-01
1.467735767364501953e-01
1.140898913145065308e-01
1.183225587010383606e-01
1.109315678477287292e-01
1.086798310279846191e-01
7.923051714897155762e-02
1.070200279355049133e-01
1.289973556995391846e-01
1.169306337833404541e-01
9.450974315404891968e-02
1.167156472802162170e-01
1.201171502470970154e-01
1.055173426866531372e-01
1.190977767109870911e-01
1.065184026956558228e-01
1.092860549688339233e-01
1.067420169711112976e-01
1.110318824648857117e-01
1.188744381070137024e-01
8.279817551374435425e-02
1.099820286035537720e-01
1.074921116232872009e-01
1.108724549412727356e-01
1.389437913894653320e-01
1.140786334872245789e-01
1.402955204248428345e-01
1.146862730383872986e-01
6.615868210792541504e-02
9.481392800807952881e-02
1.079237312078475952e-01
8.860095590353012085e-02
1.124037802219390869e-01
9.600754082202911377e-02
1.090930178761482239e-01
1.252883821725845337e-01
6.678755581378936768e-02
1.168137639760971069e-01
1.070101931691169739e-01
1.305801272392272949e-01
1.037655472755432129e-01
1.181701123714447021e-01
1.048226132988929749e-01
1.122740209102630615e-01
9.764231741428375244e-02
9.366244822740554810e-02
1.175281479954719543e-01
1.208977028727531433e-01
1.323475241661071777e-01
1.168936491012573242e-01
1.497545838356018066e-01
9.847003221511840820e-02
1.297966241836547852e-01
1.093200147151947021e-01
1.246956884860992432e-01
9.842021018266677856e-02
1.421468406915664673e-01
8.942198008298873901e-02
1.400509178638458252e-01
9.644176810979843140e-02
1.209355667233467102e-01
9.627187252044677734e-02
1.205364093184471130e-01
1.504216045141220093e-01
1.052879840135574341e-01
1.184833571314811707e-01
1.016550287604331970e-01
1.046185418963432312e-01
1.321948766708374023e-01
8.339534699916839600e-02
1.217391118407249451e-01
8.687882125377655029e-02
1.210480183362960815e-01
9.666172415018081665e-02
1.447438299655914307e-01
1.278098672628402710e-01
1.055313423275947571e-01
1.194678321480751038e-01
1.110230460762977600e-01
1.860158890485763550e-01
1.043285876512527466e-01
9.528001397848129272e-02
1.212198957800865173e-01
1.161389127373695374e-01
1.054016053676605225e-01
9.019269794225692749e-02
1.400330513715744019e-01
1.511444598436355591e-01
1.002384647727012634e-01
1.102396175265312195e-01
1.163272187113761902e-01
1.094228476285934448e-01
1.346453577280044556e-01
1.072118133306503296e-01
9.912315756082534790e-02
1.094824448227882385e-01
1.068485900759696960e-01
1.150122284889221191e-01
9.553320705890655518e-02
1.002586632966995239e-01
1.313239485025405884e-01
1.038528308272361755e-01
1.089519038796424866e-01
9.078078716993331909e-02
1.119112744927406311e-01
1.380672156810760498e-01
9.426589310169219971e-02
1.218974590301513672e-01
1.221913173794746399e-01
1.142821013927459717e-01
1.372586041688919067e-01
1.153888627886772156e-01
9.481038898229598999e-02
1.082796230912208557e-01
1.233318075537681580e-01
1.271746009588241577e-01
1.039672344923019409e-01
1.411126405000686646e-01
1.200560256838798523e-01
1.218037456274032593e-01
1.242355182766914368e-01
1.170256584882736206e-01
1.075443699955940247e-01
9.717411547899246216e-02
9.391548484563827515e-02
1.076740920543670654e-01
1.255770474672317505e-01
1.017168611288070679e-01
1.069219484925270081e-01
1.255824714899063110e-01
1.192238256335258484e-01
1.117034628987312317e-01
1.175989732146263123e-01
1.367333829402923584e-01
1.404293626546859741e-01
1.099710911512374878e-01
1.211705505847930908e-01
9.574501961469650269e-02
9.439280629158020020e-02
1.096265837550163269e-01
1.081699058413505554e-01
1.302353292703628540e-01
1.107560992240905762e-01
1.001844480633735657e-01
1.121427938342094421e-01
1.244946345686912537e-01
1.064646840095520020e-01
1.146335527300834656e-01
1.023664548993110657e-01
1.019442901015281677e-01
1.376450210809707642e-01
1.379641145467758179e-01
1.080178916454315186e-01
1.339594721794128418e-01
1.043696776032447815e-01
9.008420258760452271e-02
