1.889551925659179688e+01
2.763624954223632812e+01
3.222201919555664062e+01
2.970025634765625000e+01
2.905321121215820312e+01
1.176457977294921875e+01
1.153258705139160156e+01
3.157599639892578125e+01
2.636926269531250000e+01
2.597157096862792969e+01
1.788669395446777344e+01
2.565842056274414062e+01
3.610209274291992188e+01
2.904258489608764648e+00
1.300448513031005859e+01
2.413661003112792969e+01
3.176974296569824219e+01
2.328874778747558594e+01
2.374922752380371094e+01
3.034373664855957031e+01
1.807403564453125000e+01
2.628744888305664062e+01
2.297216415405273438e+01
2.216805458068847656e+00
2.641539001464843750e+01
5.373046994209289551e-01
2.607723617553710938e+01
1.997648429870605469e+01
2.104447555541992188e+01
1.937193679809570312e+01
2.806363677978515625e+01
5.348935127258300781e-01
5.640671730041503906e+00
3.206832122802734375e+01
2.624728012084960938e+01
2.255671691894531250e+01
2.759815216064453125e+01
1.929179668426513672e+00
9.092943191528320312e+00
2.198780822753906250e+01
2.845665168762207031e+01
2.002338600158691406e+01
2.564953613281250000e+01
2.044935607910156250e+01
4.222667217254638672e+00
2.781211090087890625e+01
1.829898262023925781e+01
2.598091888427734375e+01
2.794322395324707031e+01
1.301686859130859375e+01
2.294891548156738281e+01
1.612879943847656250e+01
2.406708335876464844e+01
5.929646492004394531e+00
1.799901580810546875e+01
1.045005321502685547e+01
1.485593414306640625e+01
4.619149208068847656e+00
8.478198051452636719e+00
1.207110691070556641e+01
1.214973258972167969e+01
3.860681915283203125e+01
2.087848663330078125e+00
6.928657054901123047e+00
3.714250564575195312e+01
2.371507835388183594e+01
2.656503677368164062e+01
3.940007686614990234e+00
2.163192176818847656e+01
1.931561660766601562e+01
2.863349914550781250e+01
1.566381835937500000e+01
2.932320213317871094e+01
1.094432353973388672e+00
1.918054008483886719e+01
6.813071727752685547e+00
1.460969829559326172e+01
1.258101749420166016e+01
2.187227439880371094e+01
1.504045009613037109e+01
1.466695308685302734e+01
2.823624229431152344e+01
1.699441909790039062e+01
1.863445281982421875e+01
2.635979652404785156e+01
2.892118072509765625e+01
3.343175506591796875e+01
5.009514331817626953e+00
2.141110229492187500e+01
4.608759880065917969e+00
3.202241134643554688e+01
1.172500419616699219e+01
2.245460510253906250e+01
2.388303041458129883e+00
2.172917366027832031e+01
2.623659896850585938e+01
1.782221603393554688e+01
8.509298563003540039e-01
1.711017990112304688e+01
6.013251304626464844e+00
2.892763900756835938e+01
2.737642478942871094e+01
2.260417175292968750e+01
1.618199348449707031e+01
3.476821899414062500e+00
1.217197036743164062e+01
2.267474365234375000e+01
2.027277946472167969e+01
1.043074512481689453e+01
3.828140497207641602e+00
6.417191505432128906e+00
1.562767505645751953e+01
2.583259582519531250e+01
2.328125000000000000e+01
3.561409235000610352e+00
2.291491127014160156e+01
2.737660598754882812e+01
1.027211070060729980e+00
1.902429962158203125e+01
8.292024612426757812e+00
1.823413085937500000e+01
7.991394996643066406e+00
2.542316436767578125e+01
1.807575035095214844e+01
4.511996078491210938e+01
2.793046474456787109e+00
3.956310749053955078e+00
6.313076972961425781e+00
2.517303657531738281e+01
2.236528778076171875e+01
1.899064064025878906e+01
1.967843651771545410e+00
1.119279766082763672e+01
2.134971809387207031e+01
1.858328247070312500e+01
4.254985332489013672e+00
5.312806367874145508e-01
1.273543739318847656e+01
1.092611694335937500e+01
2.616930007934570312e+01
3.401523208618164062e+01
1.600723457336425781e+01
2.955408668518066406e+01
1.316919326782226562e+01
9.670103192329406738e-01
2.292485618591308594e+01
2.440021133422851562e+01
3.286657333374023438e+01
1.377729320526123047e+01
9.414085388183593750e+00
2.081543922424316406e+01
2.100826454162597656e+01
2.012788772583007812e+01
1.660044097900390625e+01
2.720601463317871094e+01
2.177292823791503906e+01
1.331648063659667969e+01
2.875692367553710938e+01
1.234985160827636719e+01
1.979569625854492188e+01
2.873041152954101562e+01
1.784568023681640625e+01
2.382625389099121094e+01
1.162342262268066406e+01
1.646829032897949219e+01
2.190253448486328125e+01
1.365882301330566406e+01
2.636107826232910156e+01
1.900571823120117188e+01
2.453303813934326172e+00
3.132290458679199219e+01
2.814414978027343750e+01
1.861247062683105469e+01
1.130256080627441406e+01
2.249623870849609375e+01
2.335713386535644531e+01
3.623246765136718750e+01
3.269456100463867188e+01
2.408574485778808594e+01
9.172712326049804688e+00
4.600040435791015625e+00
1.801270866394042969e+01
2.553826904296875000e+01
8.861989021301269531e+00
1.907732391357421875e+01
9.076125144958496094e+00
9.171114921569824219e+00
2.622239875793457031e+01
1.956241798400878906e+01
2.620687675476074219e+01
3.050938367843627930e+00
7.082441806793212891e+00
2.359395599365234375e+01
1.157183456420898438e+01
2.353435325622558594e+01
2.115143775939941406e+01
2.622938728332519531e+01
2.731266784667968750e+01
1.637880325317382812e+01
2.507678031921386719e+01
4.425931930541992188e+00
2.830781555175781250e+01
2.547612380981445312e+01
2.909222793579101562e+01
8.064826130867004395e-01
2.752701759338378906e+01
2.571014595031738281e+01
1.973691177368164062e+01
2.045469665527343750e+01
3.103445816040039062e+01
2.539060783386230469e+01
1.825927543640136719e+01
2.332878112792968750e+01
1.243138790130615234e+00
1.218264293670654297e+01
1.550839328765869141e+01
3.275519132614135742e+00
2.235841941833496094e+01
7.892156243324279785e-01
2.482547760009765625e+01
4.973886489868164062e+00
2.229921150207519531e+01
2.376976966857910156e+00
6.574877500534057617e-01
2.081537055969238281e+01
2.101856422424316406e+01
2.741513061523437500e+01
2.772126579284667969e+01
2.334259033203125000e+01
3.588129806518554688e+01
1.621690559387207031e+01
7.889319896697998047e+00
6.248034000396728516e+00
2.984337043762207031e+01
2.482301139831542969e+01
1.821536898612976074e+00
1.895948219299316406e+01
1.234532833099365234e+00
7.754709243774414062e+00
1.937659263610839844e+01
3.940502548217773438e+01
2.787351226806640625e+01
1.087378215789794922e+01
2.681467819213867188e+01
1.027299976348876953e+01
1.335041713714599609e+01
1.775323486328125000e+01
2.317520141601562500e+01
1.916007232666015625e+01
1.315867805480957031e+01
3.625498199462890625e+01
2.051877212524414062e+01
1.613239479064941406e+01
2.836999893188476562e+01
3.108559370040893555e+00
1.394656848907470703e+01
2.671449279785156250e+01
1.922769165039062500e+01
2.798904991149902344e+01
2.738283920288085938e+01
3.340359115600585938e+01
3.267753601074218750e+01
2.248725318908691406e+01
3.811624145507812500e+01
1.697448730468750000e+01
1.366544055938720703e+01
2.451472663879394531e+01
2.930391883850097656e+01
4.106048583984375000e+01
1.982197952270507812e+01
2.545071792602539062e+01
1.187407016754150391e+01
2.177344703674316406e+01
2.690207481384277344e+01
1.363158130645751953e+01
2.808574676513671875e+01
2.059265136718750000e+01
2.127562713623046875e+01
7.897904396057128906e+00
5.132236003875732422e+00
2.750854873657226562e+01
3.730235815048217773e+00
2.444801712036132812e+01
2.398848533630371094e+01
3.048656463623046875e+01
7.571454524993896484e+00
2.536665153503417969e+01
3.183652162551879883e+00
2.786983299255371094e+01
2.297403144836425781e+01
1.209875392913818359e+01
2.224738883972167969e+01
2.303973770141601562e+01
3.993570566177368164e+00
2.410622358322143555e+00
2.161507987976074219e+01
2.967034912109375000e+01
2.586045837402343750e+01
2.566913604736328125e+00
4.444582939147949219e+00
2.489045906066894531e+01
2.936505889892578125e+01
5.937091350555419922e+00
1.069675922393798828e+01
2.749416160583496094e+01
2.454742050170898438e+01
2.063199996948242188e+01
8.417881011962890625e+00
4.685505867004394531e+00
4.422488784790039062e+01
3.079580497741699219e+01
1.639253044128417969e+01
1.108961009979248047e+01
2.488656234741210938e+01
1.203354930877685547e+01
4.445184230804443359e+00
1.544083690643310547e+01
2.553749847412109375e+01
2.175954627990722656e+01
2.787681198120117188e+01
2.426196289062500000e+01
1.961585807800292969e+01
2.315139770507812500e+00
2.010067749023437500e+01
4.868898868560791016e+00
4.492564773559570312e+01
2.569573783874511719e+01
2.727598762512207031e+01
2.762185859680175781e+01
3.197631120681762695e+00
2.562752342224121094e+01
1.107394599914550781e+01
1.621624946594238281e+01
6.426259040832519531e+00
1.742784690856933594e+01
1.491358089447021484e+01
4.231534194946289062e+01
1.210995292663574219e+01
5.960890293121337891e+00
2.027767181396484375e+01
5.884625434875488281e+00
9.035188674926757812e+00
1.081400775909423828e+01
2.184124755859375000e+01
1.518807315826416016e+01
3.659618616104125977e+00
2.633044242858886719e+01
1.062889480590820312e+01
2.495296478271484375e+01
2.300593948364257812e+01
1.532757759094238281e+01
1.065419101715087891e+01
2.296247482299804688e+01
1.546311378479003906e+01
5.648179054260253906e+00
2.539879989624023438e+01
1.593144607543945312e+01
1.070666885375976562e+01
2.333664894104003906e+01
2.396690177917480469e+01
3.651844501495361328e+00
1.736694717407226562e+01
2.132828521728515625e+01
2.449668312072753906e+01
3.264469909667968750e+01
2.473881149291992188e+01
1.352001571655273438e+01
2.866334915161132812e+01
2.970823097229003906e+01
3.112784004211425781e+01
2.674024963378906250e+01
3.372167110443115234e+00
1.433876514434814453e+01
2.482010459899902344e+01
2.109666252136230469e+01
2.308725929260253906e+01
2.471143722534179688e+01
5.533802032470703125e+00
2.668979263305664062e+01
2.763106155395507812e+01
8.268190383911132812e+00
1.928329849243164062e+01
3.914957427978515625e+01
2.298322105407714844e+01
1.019624805450439453e+01
2.485834312438964844e+01
3.213842391967773438e+01
2.243337059020996094e+01
2.016837692260742188e+01
4.530735778808593750e+01
9.920235633850097656e+00
3.277693557739257812e+01
3.528529357910156250e+01
2.133109092712402344e+00
1.727137374877929688e+01
2.324542045593261719e+01
1.889119720458984375e+01
1.810580825805664062e+01
1.567632579803466797e+01
1.411321353912353516e+01
1.768928146362304688e+01
2.031998634338378906e+01
6.272530555725097656e+00
2.785054922103881836e+00
7.046588897705078125e+00
2.458986282348632812e+01
2.473856735229492188e+01
1.759136080741882324e+00
3.279368972778320312e+01
1.976331138610839844e+01
1.425965309143066406e+01
1.244074535369873047e+01
1.165379643440246582e+00
2.556759357452392578e+00
2.364765548706054688e+01
4.167618179321289062e+01
2.022177219390869141e+00
2.241620254516601562e+01
1.914245986938476562e+01
2.482254219055175781e+01
2.698853683471679688e+01
3.077071762084960938e+01
1.048133373260498047e+01
1.791138458251953125e+01
9.873342514038085938e+00
2.794644355773925781e+01
1.912347984313964844e+01
2.458938789367675781e+01
1.513894367218017578e+01
8.447650909423828125e+00
1.955627822875976562e+01
3.037834358215332031e+01
2.659836769104003906e+01
1.865266227722167969e+01
1.854137420654296875e+01
1.562730121612548828e+01
2.251539230346679688e+01
2.700218009948730469e+01
1.427162265777587891e+01
1.144906163215637207e+00
4.322425842285156250e+00
1.763289451599121094e+00
2.025372123718261719e+01
2.265575027465820312e+01
2.685883712768554688e+01
1.546085262298583984e+01
2.383088588714599609e+00
1.891024017333984375e+01
1.202311325073242188e+01
8.244250297546386719e+00
8.338528633117675781e+00
8.940803527832031250e+00
3.624558448791503906e+00
2.918666267395019531e+01
4.550013065338134766e+00
1.003959417343139648e+00
2.229171180725097656e+01
6.515211462974548340e-01
2.068957328796386719e+01
2.594392776489257812e+01
2.570155906677246094e+01
9.644972801208496094e+00
2.717605829238891602e+00
1.792818450927734375e+01
2.343278312683105469e+01
1.948832511901855469e+01
2.123615264892578125e+01
3.122377777099609375e+01
2.656660652160644531e+01
1.430021667480468750e+01
8.862647056579589844e+00
1.622272872924804688e+01
8.439436912536621094e+00
4.176384735107421875e+01
2.556394577026367188e+00
2.335555648803710938e+01
2.607077789306640625e+01
2.783379936218261719e+01
3.114752960205078125e+01
3.723895645141601562e+01
2.780397987365722656e+01
1.144206237792968750e+01
2.050252151489257812e+01
1.968812179565429688e+01
2.144083023071289062e+01
2.152249717712402344e+01
1.169471454620361328e+01
1.299349308013916016e+01
1.093090629577636719e+01
1.249981975555419922e+01
2.045689392089843750e+01
9.014265060424804688e+00
3.449825763702392578e+00
2.178034973144531250e+01
1.504444789886474609e+01
3.016213607788085938e+01
2.539542198181152344e+01
5.019262313842773438e+00
2.494912147521972656e+00
2.036726760864257812e+01
1.661381912231445312e+01
1.236425113677978516e+01
1.152332496643066406e+01
8.916259765625000000e+00
6.612158298492431641e+00
2.561835861206054688e+01
1.167971420288085938e+01
2.636810493469238281e+01
3.064365577697753906e+01
1.507748126983642578e+01
3.062553596496582031e+01
2.286490821838378906e+01
1.994993209838867188e+01
1.341676330566406250e+01
6.737174391746520996e-01
3.952146530151367188e+01
2.871033287048339844e+01
1.089792728424072266e+00
5.978061676025390625e+00
1.141054534912109375e+01
2.508397674560546875e+01
3.417936325073242188e+01
1.533401203155517578e+01
3.092749977111816406e+01
2.947670555114746094e+01
2.021670150756835938e+01
1.725207710266113281e+01
2.056606292724609375e+01
8.709598541259765625e+00
2.427240753173828125e+01
5.210282802581787109e+00
3.267401885986328125e+01
4.372473239898681641e+00
1.219135951995849609e+01
3.298295593261718750e+01
3.143660783767700195e+00
6.061911582946777344e+00
2.099977493286132812e+00
1.344315910339355469e+01
1.844926452636718750e+01
1.792413139343261719e+01
1.945117115974426270e+00
2.566968727111816406e+01
1.135571575164794922e+01
6.955019950866699219e+00
1.120210528373718262e+00
1.274025726318359375e+01
2.048001289367675781e+01
1.909242630004882812e+01
2.218094348907470703e+00
7.332595348358154297e+00
1.779244613647460938e+01
1.427585721015930176e+00
1.571909618377685547e+01
1.950447463989257812e+01
2.260460853576660156e+01
9.122526168823242188e+00
2.731950521469116211e+00
2.019138908386230469e+01
1.194145393371582031e+01
1.501709365844726562e+01
2.710341262817382812e+01
2.077122116088867188e+01
2.593050575256347656e+01
1.945285415649414062e+01
6.598492145538330078e+00
1.882659721374511719e+01
2.628091430664062500e+01
2.743949890136718750e+01
9.299702644348144531e+00
2.926701736450195312e+01
1.909617996215820312e+01
3.138830184936523438e+01
6.404652118682861328e+00
3.250062561035156250e+01
9.452506065368652344e+00
2.364993286132812500e+01
8.305701255798339844e+00
2.622034263610839844e+01
5.374677181243896484e+00
5.786517620086669922e+00
1.647687911987304688e+01
1.448508834838867188e+01
2.105715942382812500e+01
4.272710323333740234e+00
2.473120498657226562e+01
1.256381797790527344e+01
2.401319503784179688e+01
2.520272827148437500e+01
6.968968391418457031e+00
7.068502902984619141e+00
3.326142501831054688e+01
2.837330627441406250e+01
2.687135505676269531e+01
2.510896492004394531e+01
1.626231002807617188e+01
9.532168388366699219e+00
2.652457427978515625e+01
1.482496547698974609e+01
2.450302600860595703e+00
2.591645812988281250e+01
1.158753871917724609e+01
1.017577362060546875e+01
1.928091812133789062e+01
2.527767372131347656e+01
2.450243759155273438e+01
2.597550964355468750e+01
1.118503665924072266e+01
8.366089820861816406e+00
3.064934730529785156e+00
3.614702224731445312e+00
1.211752319335937500e+01
5.158606529235839844e+00
8.960131645202636719e+00
1.228778266906738281e+01
3.269759893417358398e+00
3.435835361480712891e+00
2.996654891967773438e+01
1.937973976135253906e+01
1.654065513610839844e+01
2.875081443786621094e+01
2.286510848999023438e+01
9.256979942321777344e+00
1.169861316680908203e+01
1.532138061523437500e+01
2.501427078247070312e+01
3.164754676818847656e+01
1.701664352416992188e+01
3.123034286499023438e+01
7.057787418365478516e+00
2.072536277770996094e+01
1.194968318939208984e+01
1.835056877136230469e+01
2.083112001419067383e+00
1.846733474731445312e+01
8.266450881958007812e+00
1.213248538970947266e+01
1.474826240539550781e+01
1.779191207885742188e+01
2.136394882202148438e+01
1.838417816162109375e+01
9.741223335266113281e+00
2.679332017898559570e+00
2.889096832275390625e+01
6.629355430603027344e+00
2.679550170898437500e+01
1.037314224243164062e+01
3.156386566162109375e+01
2.115278816223144531e+01
5.837780475616455078e+00
2.440433120727539062e+01
2.365099334716796875e+01
2.585971069335937500e+01
1.781845664978027344e+01
1.684001159667968750e+01
7.635765552520751953e+00
2.478356933593750000e+01
2.894898605346679688e+01
1.862523460388183594e+01
1.238725185394287109e+01
2.594105529785156250e+01
3.050521850585937500e+01
2.756556510925292969e+01
2.411647987365722656e+01
1.638718223571777344e+01
8.013365745544433594e+00
2.031061935424804688e+01
1.382315254211425781e+01
8.383298873901367188e+00
9.808484077453613281e+00
1.849649429321289062e+01
2.585723495483398438e+01
3.197686195373535156e+01
6.196565628051757812e+00
1.178313255310058594e+01
2.151325035095214844e+01
1.356473445892333984e+01
1.539995384216308594e+01
2.636952972412109375e+01
4.328647232055664062e+01
2.134901809692382812e+01
6.713404655456542969e+00
1.786291122436523438e+01
3.056692600250244141e+00
1.335237312316894531e+01
1.334252643585205078e+01
2.942899322509765625e+01
2.897673034667968750e+01
3.012599945068359375e+01
3.219026327133178711e+00
1.259885311126708984e+01
1.930663681030273438e+01
3.543169784545898438e+01
9.935150146484375000e-01
2.772094345092773438e+01
2.605823135375976562e+01
1.969736480712890625e+01
2.005233764648437500e+01
2.102153778076171875e+00
3.243255996704101562e+01
2.414368629455566406e+01
9.408222436904907227e-01
1.681829690933227539e+00
3.222920989990234375e+01
3.320355224609375000e+01
1.382798099517822266e+01
2.801709938049316406e+01
2.700234603881835938e+01
2.904957962036132812e+01
1.231125593185424805e+00
1.885072708129882812e+01
2.528606891632080078e+00
2.638388061523437500e+01
2.978948593139648438e+01
2.196205520629882812e+01
3.030205917358398438e+01
1.009299278259277344e+00
2.048244667053222656e+01
9.094129562377929688e+00
1.291955471038818359e+01
2.380654907226562500e+01
2.908008956909179688e+01
9.523503303527832031e+00
2.280716896057128906e+01
8.561680793762207031e+00
4.044107913970947266e+00
8.130773544311523438e+00
1.347818279266357422e+01
4.368187904357910156e+00
2.512454605102539062e+01
1.654335594177246094e+01
1.067167663574218750e+01
2.053304910659790039e+00
2.440047502517700195e+00
1.303893756866455078e+01
4.914911746978759766e+00
2.739960289001464844e+01
2.517675590515136719e+01
1.356304931640625000e+01
6.305260658264160156e+00
3.794025039672851562e+01
3.230726242065429688e+01
2.917577981948852539e+00
3.273879623413085938e+01
1.929240989685058594e+01
1.850419044494628906e+01
3.394235992431640625e+01
3.254366302490234375e+01
2.485458946228027344e+01
3.541007995605468750e+01
1.348614025115966797e+01
1.901379394531250000e+01
1.530609321594238281e+01
1.019296646118164062e+01
2.373551559448242188e+01
1.405359649658203125e+01
1.979054450988769531e+00
2.651973724365234375e+01
2.622243118286132812e+01
1.798192214965820312e+01
2.936553001403808594e+01
2.504778099060058594e+01
2.145969581604003906e+01
5.526702404022216797e+00
1.022546958923339844e+01
1.868979072570800781e+01
2.758250617980957031e+01
1.897558784484863281e+01
2.018418312072753906e+01
2.494910812377929688e+01
7.815444946289062500e+00
2.672434616088867188e+01
2.529976272583007812e+01
1.779459953308105469e+01
1.146271133422851562e+01
2.026512527465820312e+01
2.641209220886230469e+01
1.412795162200927734e+01
2.767031097412109375e+01
2.559811210632324219e+01
2.024801445007324219e+01
2.617760848999023438e+01
2.885244369506835938e+01
1.390901660919189453e+01
2.628102111816406250e+01
8.595642089843750000e+00
3.493003129959106445e+00
2.028864288330078125e+01
3.527949810028076172e+00
2.667993354797363281e+01
1.820133399963378906e+01
1.863576126098632812e+01
2.354151535034179688e+01
6.834415435791015625e+00
1.480890274047851562e+01
1.019208526611328125e+01
6.492272377014160156e+00
2.297363471984863281e+01
2.420610618591308594e+01
2.111877822875976562e+01
2.608390808105468750e+01
2.733461761474609375e+01
2.758777427673339844e+01
2.498493194580078125e+01
7.543100357055664062e+00
1.848034667968750000e+01
2.090575027465820312e+01
1.689566230773925781e+01
1.305282020568847656e+01
