7.631092518568038940e-02
6.552286446094512939e-02
6.915341317653656006e-02
7.204822450876235962e-02
6.961891055107116699e-02
6.377165019512176514e-02
5.563174188137054443e-02
6.979294121265411377e-02
8.105656504631042480e-02
6.132057309150695801e-02
6.471469253301620483e-02
7.071856409311294556e-02
9.180317819118499756e-02
7.723253220319747925e-02
6.095629557967185974e-02
5.611541122198104858e-02
7.382221519947052002e-02
5.579218640923500061e-02
5.282419174909591675e-02
7.115614414215087891e-02
6.790131330490112305e-02
6.824666261672973633e-02
5.743187293410301208e-02
5.158017575740814209e-02
6.440232694149017334e-02
4.995454475283622742e-02
6.136718019843101501e-02
5.308878049254417419e-02
5.185184255242347717e-02
6.267271935939788818e-02
7.811962068080902100e-02
5.299654230475425720e-02
7.147752493619918823e-02
7.433441281318664551e-02
6.057697534561157227e-02
6.552039831876754761e-02
7.046255469322204590e-02
9.345360100269317627e-02
3.780717775225639343e-02
4.987100884318351746e-02
6.360083818435668945e-02
5.294797196984291077e-02
5.280463770031929016e-02
8.585523813962936401e-02
7.674027979373931885e-02
5.869860574603080750e-02
6.339109688997268677e-02
6.805001199245452881e-02
7.632926106452941895e-02
6.351958960294723511e-02
5.682057514786720276e-02
3.885199502110481262e-02
6.319205462932586670e-02
6.552179157733917236e-02
7.269635051488876343e-02
3.751200437545776367e-02
6.394692510366439819e-02
3.880053013563156128e-02
7.245025783777236938e-02
5.960816517472267151e-02
4.842290282249450684e-02
7.590066641569137573e-02
3.409672901034355164e-02
7.827983051538467407e-02
8.875133097171783447e-02
5.378257855772972107e-02
5.923916026949882507e-02
7.085003703832626343e-02
5.547051876783370972e-02
8.922624588012695312e-02
6.236413493752479553e-02
5.333648622035980225e-02
7.233288884162902832e-02
4.963807761669158936e-02
6.451819092035293579e-02
6.537653505802154541e-02
5.505643039941787720e-02
7.054402679204940796e-02
6.220572814345359802e-02
5.951807647943496704e-02
7.518067955970764160e-02
6.857331097126007080e-02
6.249956041574478149e-02
5.566795542836189270e-02
6.054207682609558105e-02
6.686128675937652588e-02
7.793051749467849731e-02
5.657123774290084839e-02
5.391590297222137451e-02
6.741175055503845215e-02
7.755081355571746826e-02
6.307255476713180542e-02
5.854775756597518921e-02
6.658761203289031982e-02
4.644618555903434753e-02
6.737791746854782104e-02
6.289047747850418091e-02
7.636345177888870239e-02
3.622243553400039673e-02
8.056481927633285522e-02
7.711863517761230469e-02
7.792972773313522339e-02
7.123746722936630249e-02
4.846522212028503418e-02
4.433847591280937195e-02
4.740375280380249023e-02
4.958205670118331909e-02
4.602914303541183472e-02
4.843645170331001282e-02
4.685352742671966553e-02
4.697618633508682251e-02
7.364239543676376343e-02
5.806551501154899597e-02
5.307659134268760681e-02
6.769197434186935425e-02
5.543205514550209045e-02
6.549141556024551392e-02
5.860707908868789673e-02
5.661016702651977539e-02
3.546924516558647156e-02
5.188793689012527466e-02
4.660186171531677246e-02
8.700176328420639038e-02
7.921181619167327881e-02
1.001313328742980957e-01
4.333154484629631042e-02
5.989064648747444153e-02
5.683915317058563232e-02
5.958180874586105347e-02
6.201535463333129883e-02
5.227487534284591675e-02
6.847219914197921753e-02
4.377351328730583191e-02
5.506677553057670593e-02
4.665621370077133179e-02
4.564180970191955566e-02
3.772101923823356628e-02
5.311676487326622009e-02
7.408321648836135864e-02
6.548738479614257812e-02
7.681891322135925293e-02
5.199170857667922974e-02
6.358420103788375854e-02
4.758396372199058533e-02
8.017656207084655762e-02
5.116459354758262634e-02
5.962716042995452881e-02
8.149679005146026611e-02
5.996541678905487061e-02
3.637189418077468872e-02
4.845356196165084839e-02
5.917625501751899719e-02
5.173701792955398560e-02
5.610191449522972107e-02
6.591053307056427002e-02
6.490711867809295654e-02
5.458068847656250000e-02
6.199607998132705688e-02
5.275496095418930054e-02
4.788441583514213562e-02
5.882044509053230286e-02
6.928209215402603149e-02
6.691396236419677734e-02
6.073953583836555481e-02
4.883999750018119812e-02
5.572181195020675659e-02
6.022867932915687561e-02
6.831798702478408813e-02
5.315687134861946106e-02
5.266075208783149719e-02
7.391075789928436279e-02
7.929845899343490601e-02
7.585667818784713745e-02
5.421408638358116150e-02
6.078314036130905151e-02
5.319011211395263672e-02
7.735463976860046387e-02
6.831436604261398315e-02
5.598353222012519836e-02
6.334724277257919312e-02
4.558882489800453186e-02
7.197497040033340454e-02
6.652185320854187012e-02
5.427581816911697388e-02
6.805288046598434448e-02
4.419590160250663757e-02
7.547082006931304932e-02
7.159751653671264648e-02
6.238349527120590210e-02
6.632784008979797363e-02
7.310526072978973389e-02
4.429977759718894958e-02
7.014083117246627808e-02
5.077159777283668518e-02
5.163486674427986145e-02
6.392610818147659302e-02
7.575712352991104126e-02
6.873492896556854248e-02
5.743987858295440674e-02
7.094655930995941162e-02
5.966007709503173828e-02
5.959844216704368591e-02
8.725573867559432983e-02
7.048094272613525391e-02
4.489875212311744690e-02
6.432553380727767944e-02
6.433650106191635132e-02
6.968551129102706909e-02
7.953540980815887451e-02
6.216043606400489807e-02
6.051777303218841553e-02
4.556065797805786133e-02
5.318697914481163025e-02
4.985012859106063843e-02
5.214555561542510986e-02
6.236508488655090332e-02
6.733494997024536133e-02
5.679588392376899719e-02
5.770905688405036926e-02
6.153450906276702881e-02
5.299755558371543884e-02
7.041379809379577637e-02
6.213290989398956299e-02
7.176884263753890991e-02
6.501248478889465332e-02
4.751588776707649231e-02
6.796713918447494507e-02
6.656014174222946167e-02
6.433436274528503418e-02
9.143856912851333618e-02
5.776946991682052612e-02
4.157513007521629333e-02
4.785513132810592651e-02
7.230746001005172729e-02
5.534121021628379822e-02
3.947981074452400208e-02
4.517861083149909973e-02
5.076706036925315857e-02
2.668743580579757690e-02
5.104048922657966614e-02
1.106744110584259033e-01
6.485000997781753540e-02
9.036999195814132690e-02
6.809573620557785034e-02
4.513817280530929565e-02
3.991886600852012634e-02
4.925950244069099426e-02
5.769158899784088135e-02
5.100986361503601074e-02
5.087820813059806824e-02
9.767705947160720825e-02
5.101811885833740234e-02
5.943274497985839844e-02
8.425128459930419922e-02
3.176645189523696899e-02
5.134269967675209045e-02
6.199755147099494934e-02
4.453184828162193298e-02
8.970407396554946899e-02
6.400070339441299438e-02
7.596699148416519165e-02
6.430994719266891479e-02
6.799374520778656006e-02
8.835311979055404663e-02
6.280811876058578491e-02
4.549069702625274658e-02
5.711464211344718933e-02
7.831386476755142212e-02
8.574973046779632568e-02
5.007875338196754456e-02
7.111421972513198853e-02
3.757983446121215820e-02
6.140181049704551697e-02
6.446895003318786621e-02
4.506521672010421753e-02
8.360873907804489136e-02
5.360634624958038330e-02
5.047820135951042175e-02
5.099645629525184631e-02
4.702812805771827698e-02
5.785784870386123657e-02
5.891008675098419189e-02
6.574951112270355225e-02
6.071606278419494629e-02
6.782089173793792725e-02
3.523053973913192749e-02
6.022230163216590881e-02
6.024983897805213928e-02
6.711488962173461914e-02
7.144924253225326538e-02
3.985322639346122742e-02
7.311682403087615967e-02
7.948830723762512207e-02
6.454290449619293213e-02
4.183026775717735291e-02
5.487162992358207703e-02
7.269068062305450439e-02
6.144869327545166016e-02
6.166046112775802612e-02
6.470320373773574829e-02
5.724656954407691956e-02
7.637789100408554077e-02
2.832752279937267303e-02
6.693786382675170898e-02
6.842048466205596924e-02
5.806501209735870361e-02
8.533468097448348999e-02
4.201580584049224854e-02
6.746266782283782959e-02
1.018372848629951477e-01
6.355006247758865356e-02
7.151980698108673096e-02
3.795051574707031250e-02
6.416672468185424805e-02
7.275987416505813599e-02
3.270795196294784546e-02
6.041749194264411926e-02
6.174740940332412720e-02
5.788782984018325806e-02
5.966340005397796631e-02
5.550049245357513428e-02
5.963512510061264038e-02
4.954350367188453674e-02
4.726665839552879333e-02
3.708350658416748047e-02
1.027634367346763611e-01
5.219404026865959167e-02
6.997600197792053223e-02
6.786251068115234375e-02
6.014091148972511292e-02
6.651600450277328491e-02
9.264219552278518677e-02
5.866086855530738831e-02
3.488178178668022156e-02
4.782837256789207458e-02
5.258651077747344971e-02
9.618864953517913818e-02
5.904938653111457825e-02
7.022362947463989258e-02
5.447317287325859070e-02
5.370374768972396851e-02
4.644544795155525208e-02
5.421847477555274963e-02
5.800240486860275269e-02
4.451132565736770630e-02
8.568083494901657104e-02
6.256773322820663452e-02
6.598850339651107788e-02
6.871695071458816528e-02
6.006677076220512390e-02
6.133858487010002136e-02
6.105670705437660217e-02
9.430337697267532349e-02
4.200287535786628723e-02
6.752896308898925781e-02
6.142962351441383362e-02
5.009141936898231506e-02
5.405260995030403137e-02
6.364278495311737061e-02
6.004128977656364441e-02
7.560749351978302002e-02
4.594140499830245972e-02
6.250172108411788940e-02
7.069407403469085693e-02
6.924473494291305542e-02
6.388486176729202271e-02
4.858564957976341248e-02
6.351254880428314209e-02
6.513803452253341675e-02
7.049461454153060913e-02
6.409361958503723145e-02
4.269018769264221191e-02
6.099371239542961121e-02
6.280069798231124878e-02
4.849162325263023376e-02
6.763355433940887451e-02
6.506615877151489258e-02
7.968012243509292603e-02
6.605885922908782959e-02
7.213494926691055298e-02
4.789835214614868164e-02
6.784298270940780640e-02
8.446087688207626343e-02
5.827181786298751831e-02
4.130505397915840149e-02
5.983113124966621399e-02
7.378026098012924194e-02
5.843915417790412903e-02
5.856833234429359436e-02
9.232513606548309326e-02
4.889251664280891418e-02
7.083065807819366455e-02
7.630992680788040161e-02
5.910748243331909180e-02
5.428705364465713501e-02
6.495056301355361938e-02
4.805259779095649719e-02
4.935036599636077881e-02
6.387799233198165894e-02
4.736851528286933899e-02
5.435273796319961548e-02
8.391931653022766113e-02
6.034681200981140137e-02
5.941620469093322754e-02
3.871986642479896545e-02
6.045237183570861816e-02
5.714959651231765747e-02
4.037737473845481873e-02
8.857951313257217407e-02
7.842832803726196289e-02
6.150384247303009033e-02
3.576974943280220032e-02
4.520674422383308411e-02
7.568349689245223999e-02
6.432630121707916260e-02
1.007069423794746399e-01
6.611392647027969360e-02
6.670782715082168579e-02
4.896494373679161072e-02
5.724571272730827332e-02
7.002701610326766968e-02
7.424831390380859375e-02
3.672078996896743774e-02
5.307906493544578552e-02
3.833269700407981873e-02
6.919710338115692139e-02
5.011456087231636047e-02
6.041459739208221436e-02
5.175724998116493225e-02
9.124532341957092285e-02
5.834937468171119690e-02
7.903519272804260254e-02
6.975521892309188843e-02
6.244498118758201599e-02
5.794329568743705750e-02
5.557316914200782776e-02
5.380535870790481567e-02
8.043254166841506958e-02
4.877637326717376709e-02
4.626683145761489868e-02
4.722150787711143494e-02
6.958658248186111450e-02
7.613839954137802124e-02
5.940005928277969360e-02
6.325995922088623047e-02
5.281719192862510681e-02
5.723690614104270935e-02
4.880888760089874268e-02
4.049390554428100586e-02
5.888279899954795837e-02
3.175551816821098328e-02
3.992993012070655823e-02
4.059260711073875427e-02
5.903146043419837952e-02
6.096031889319419861e-02
4.586285352706909180e-02
5.265998467803001404e-02
8.338118344545364380e-02
4.909315332770347595e-02
6.416651606559753418e-02
5.154738202691078186e-02
5.992173776030540466e-02
5.510941147804260254e-02
4.959560930728912354e-02
6.412682682275772095e-02
6.007797643542289734e-02
5.332399159669876099e-02
7.335904240608215332e-02
6.920702010393142700e-02
5.882261693477630615e-02
5.940623581409454346e-02
7.150322943925857544e-02
8.192271739244461060e-02
8.490622043609619141e-02
6.344426423311233521e-02
9.989306330680847168e-02
6.335375458002090454e-02
6.968618929386138916e-02
7.370501756668090820e-02
7.458496838808059692e-02
6.458977609872817993e-02
4.581005126237869263e-02
7.815454900264739990e-02
5.601067841053009033e-02
6.072023883461952209e-02
6.115467846393585205e-02
4.437186568975448608e-02
8.447586745023727417e-02
6.717569380998611450e-02
4.929599538445472717e-02
4.976668208837509155e-02
4.552990570664405823e-02
4.535776749253273010e-02
5.685417354106903076e-02
6.795099377632141113e-02
7.994009554386138916e-02
6.173950061202049255e-02
7.824797183275222778e-02
5.793787539005279541e-02
5.750417336821556091e-02
5.894896760582923889e-02
4.520925506949424744e-02
5.857751891016960144e-02
3.558573499321937561e-02
7.554385066032409668e-02
6.314428895711898804e-02
4.946222901344299316e-02
6.510946899652481079e-02
6.910424679517745972e-02
6.560669094324111938e-02
6.647266447544097900e-02
7.284494489431381226e-02
4.618047922849655151e-02
4.655487462878227234e-02
4.902414605021476746e-02
9.341165423393249512e-02
6.933664530515670776e-02
6.183384731411933899e-02
5.451206490397453308e-02
5.732641369104385376e-02
5.369585379958152771e-02
9.059765189886093140e-02
4.761152341961860657e-02
7.431551069021224976e-02
6.593588739633560181e-02
5.104896798729896545e-02
7.675907760858535767e-02
6.717132776975631714e-02
5.905203893780708313e-02
6.588441133499145508e-02
8.993875980377197266e-02
8.374632894992828369e-02
4.664367437362670898e-02
4.740537330508232117e-02
7.095094770193099976e-02
8.235837519168853760e-02
7.085136324167251587e-02
7.378724217414855957e-02
6.359106302261352539e-02
5.411786213517189026e-02
6.199353933334350586e-02
7.093726843595504761e-02
7.225662469863891602e-02
5.109534785151481628e-02
6.370946019887924194e-02
8.930990099906921387e-02
5.546152219176292419e-02
6.091033667325973511e-02
4.169728234410285950e-02
6.816715747117996216e-02
5.200333148241043091e-02
4.535915702581405640e-02
5.816787108778953552e-02
5.056586116552352905e-02
5.151300504803657532e-02
6.575819849967956543e-02
6.622708588838577271e-02
5.075491964817047119e-02
5.869061127305030823e-02
4.042167216539382935e-02
5.215892195701599121e-02
6.041231378912925720e-02
5.510755628347396851e-02
7.158543169498443604e-02
4.852617532014846802e-02
7.191633433103561401e-02
5.321406573057174683e-02
7.134328782558441162e-02
5.851629376411437988e-02
5.790634453296661377e-02
7.217212766408920288e-02
5.023561790585517883e-02
6.722360849380493164e-02
6.504444777965545654e-02
7.629121840000152588e-02
5.250492319464683533e-02
6.409485638141632080e-02
5.380946025252342224e-02
7.382317632436752319e-02
4.589855670928955078e-02
9.259844571352005005e-02
5.331934615969657898e-02
5.234986543655395508e-02
7.165365666151046753e-02
4.322297871112823486e-02
6.739726662635803223e-02
8.123416453599929810e-02
5.559047684073448181e-02
6.894362717866897583e-02
3.374515473842620850e-02
9.850589185953140259e-02
8.575579524040222168e-02
7.183071970939636230e-02
5.559996888041496277e-02
6.758763641119003296e-02
6.387038528919219971e-02
3.628605231642723083e-02
6.757020950317382812e-02
5.185258761048316956e-02
3.853604197502136230e-02
6.101052835583686829e-02
4.937995970249176025e-02
3.749205172061920166e-02
5.095120146870613098e-02
5.337059125304222107e-02
6.737952679395675659e-02
6.778386980295181274e-02
3.782643377780914307e-02
4.923128709197044373e-02
5.248700454831123352e-02
6.664005666971206665e-02
5.096377432346343994e-02
5.525648221373558044e-02
4.792431369423866272e-02
4.166121035814285278e-02
5.462508276104927063e-02
5.719114094972610474e-02
7.798351347446441650e-02
6.349398940801620483e-02
6.236337870359420776e-02
6.154681369662284851e-02
5.625406280159950256e-02
4.763517901301383972e-02
4.018230363726615906e-02
5.584106221795082092e-02
5.846967175602912903e-02
6.807332485914230347e-02
6.776987016201019287e-02
8.210560679435729980e-02
5.231698974967002869e-02
6.851226091384887695e-02
4.484713450074195862e-02
4.905817657709121704e-02
2.850736677646636963e-02
4.832873865962028503e-02
4.531985521316528320e-02
4.423602670431137085e-02
6.555338203907012939e-02
7.056310772895812988e-02
5.193482711911201477e-02
7.364021241664886475e-02
3.823485597968101501e-02
5.437122657895088196e-02
6.915538012981414795e-02
5.984232202172279358e-02
5.686155334115028381e-02
3.827844560146331787e-02
8.277076482772827148e-02
7.345347106456756592e-02
9.012269228696823120e-02
5.281204730272293091e-02
5.464243143796920776e-02
5.807084217667579651e-02
5.956282839179039001e-02
5.381016805768013000e-02
3.947695717215538025e-02
5.920730903744697571e-02
7.022094726562500000e-02
4.662083089351654053e-02
4.984369501471519470e-02
6.626429408788681030e-02
7.555327564477920532e-02
7.205815613269805908e-02
5.481185019016265869e-02
5.526102334260940552e-02
5.424083769321441650e-02
5.547629296779632568e-02
7.291653752326965332e-02
5.532977730035781860e-02
5.270618200302124023e-02
5.696364119648933411e-02
5.423893406987190247e-02
6.311754882335662842e-02
4.389427974820137024e-02
4.453853145241737366e-02
6.020807847380638123e-02
7.258061319589614868e-02
6.335780024528503418e-02
6.928770244121551514e-02
9.363407641649246216e-02
5.864408984780311584e-02
3.943771123886108398e-02
5.886869877576828003e-02
6.037153303623199463e-02
5.136571079492568970e-02
4.223458096385002136e-02
6.911639124155044556e-02
6.549254059791564941e-02
7.743709534406661987e-02
4.173284024000167847e-02
4.868591949343681335e-02
5.057291686534881592e-02
7.084067910909652710e-02
7.358662784099578857e-02
5.696265771985054016e-02
5.665244162082672119e-02
6.272564083337783813e-02
7.812731713056564331e-02
2.901791967451572418e-02
7.843919843435287476e-02
6.788347661495208740e-02
3.686730936169624329e-02
4.901356250047683716e-02
7.126757502555847168e-02
7.954724878072738647e-02
4.010747373104095459e-02
6.520927697420120239e-02
6.288090348243713379e-02
6.004821509122848511e-02
9.525781124830245972e-02
4.689846187829971313e-02
2.676541358232498169e-02
5.950948968529701233e-02
7.587707042694091797e-02
5.123357847332954407e-02
6.947139650583267212e-02
1.061935871839523315e-01
6.188080832362174988e-02
5.339955165982246399e-02
5.923193320631980896e-02
8.775651454925537109e-02
6.518112123012542725e-02
5.558031424880027771e-02
6.544479727745056152e-02
4.903796687722206116e-02
8.432871848344802856e-02
6.263716518878936768e-02
8.251392841339111328e-02
7.562594115734100342e-02
5.889208987355232239e-02
6.293959915637969971e-02
3.714653104543685913e-02
1.106069684028625488e-01
4.920632019639015198e-02
5.836286395788192749e-02
5.531071498990058899e-02
6.445008516311645508e-02
5.702631548047065735e-02
5.347308889031410217e-02
7.771890610456466675e-02
9.388582408428192139e-02
6.939900666475296021e-02
4.485230520367622375e-02
8.001028746366500854e-02
5.980970337986946106e-02
7.009408622980117798e-02
6.994028389453887939e-02
7.094404101371765137e-02
6.699997186660766602e-02
7.234434783458709717e-02
9.839030355215072632e-02
6.101296097040176392e-02
4.870696738362312317e-02
8.103348314762115479e-02
5.064295977354049683e-02
5.439746752381324768e-02
5.107069388031959534e-02
7.055519521236419678e-02
1.082634106278419495e-01
7.126917690038681030e-02
6.738803535699844360e-02
6.062977015972137451e-02
5.250820145010948181e-02
6.879003345966339111e-02
4.778575897216796875e-02
4.864954575896263123e-02
6.075394153594970703e-02
7.034868746995925903e-02
5.212407186627388000e-02
5.867139250040054321e-02
8.538173884153366089e-02
7.352892309427261353e-02
5.927214026451110840e-02
6.856924295425415039e-02
7.127858698368072510e-02
4.725458100438117981e-02
5.499430373311042786e-02
4.171454161405563354e-02
6.715232133865356445e-02
7.316780835390090942e-02
6.124152243137359619e-02
7.328394800424575806e-02
6.831117719411849976e-02
4.249666631221771240e-02
6.717415899038314819e-02
4.277787730097770691e-02
2.791110239923000336e-02
6.436730921268463135e-02
6.957238912582397461e-02
6.481857597827911377e-02
5.047724768519401550e-02
5.314904823899269104e-02
6.268124282360076904e-02
6.542292982339859009e-02
1.051352247595787048e-01
7.451390475034713745e-02
5.146000161767005920e-02
5.395215749740600586e-02
5.735190957784652710e-02
5.019040033221244812e-02
6.800298392772674561e-02
6.690120697021484375e-02
6.516267359256744385e-02
6.987842917442321777e-02
7.628222554922103882e-02
5.431580170989036560e-02
6.766575574874877930e-02
6.505744159221649170e-02
5.086046457290649414e-02
