7.934492588043212891e+00
6.516981601715087891e+00
7.155192375183105469e+00
7.338422775268554688e+00
5.711549282073974609e+00
2.566687202453613281e+01
2.007127189636230469e+01
6.069795608520507812e+00
8.704051017761230469e+00
7.706705570220947266e+00
1.158575248718261719e+01
2.935716629028320312e+00
5.841639041900634766e+00
1.799072265625000000e+02
1.236352443695068359e+01
6.933812618255615234e+00
6.587076187133789062e+00
2.246811628341674805e+00
5.557036876678466797e+00
6.998856067657470703e+00
6.273355484008789062e+00
5.570844173431396484e+00
6.211103916168212891e+00
9.073992919921875000e+01
4.975868701934814453e+00
9.134720611572265625e+01
5.858258247375488281e+00
6.294384956359863281e+00
6.549337863922119141e+00
5.461420059204101562e+00
4.274343013763427734e+00
3.023670387268066406e+01
1.789334297180175781e+01
8.765668869018554688e+00
3.572154045104980469e+00
1.193645763397216797e+01
8.181533813476562500e+00
9.222668457031250000e+01
8.674755096435546875e+00
3.325548171997070312e+00
7.317698955535888672e+00
4.950764179229736328e+00
5.789059162139892578e+00
6.715802669525146484e+00
7.014757633209228516e+00
1.128825664520263672e+00
5.750673294067382812e+00
6.389791011810302734e+00
6.394453525543212891e+00
9.818825721740722656e+00
7.312978744506835938e+00
2.359661817550659180e+00
6.108044624328613281e+00
2.786419486999511719e+01
5.763134002685546875e+00
2.854600334167480469e+01
1.438014221191406250e+01
2.044565010070800781e+01
1.188197708129882812e+01
4.501803398132324219e+00
8.494148254394531250e+00
7.279095649719238281e+00
1.636717987060546875e+02
1.373481559753417969e+01
8.985419273376464844e+00
3.060686349868774414e+00
8.140346527099609375e+00
1.754804840087890625e+02
5.383649826049804688e+00
5.564649105072021484e+00
7.632806301116943359e+00
4.160571575164794922e+00
6.507586956024169922e+00
1.481410980224609375e+02
2.815776824951171875e+00
2.339339065551757812e+01
9.875099182128906250e+00
1.947502136230468750e+01
1.777411460876464844e+01
3.458759069442749023e+00
1.455163288116455078e+01
5.713951110839843750e+00
2.428498840332031250e+01
3.944168806076049805e+00
7.752613067626953125e+00
5.414283752441406250e+00
6.752382278442382812e+00
6.605923652648925781e+00
2.249423503875732422e+00
1.747943572998046875e+02
6.022652626037597656e+00
7.131518840789794922e+00
1.077228736877441406e+01
1.770527267456054688e+01
5.312936782836914062e+00
5.515692234039306641e+00
1.495264053344726562e+01
2.598923110961914062e+01
5.997014999389648438e+00
4.645125198364257812e+01
6.137246131896972656e+00
4.840638160705566406e+00
1.483321309089660645e+00
2.535516548156738281e+01
2.179462242126464844e+01
1.298184680938720703e+01
5.811092376708984375e+00
7.837668418884277344e+00
1.307854461669921875e+01
1.651824951171875000e+02
1.253159713745117188e+01
1.021442127227783203e+01
8.283231735229492188e+00
7.568412303924560547e+00
9.002236938476562500e+01
3.926154613494873047e+00
6.290645599365234375e+00
3.273098754882812500e+01
2.055747413635253906e+01
2.236265945434570312e+01
3.414779424667358398e+00
1.778753471374511719e+01
8.792250633239746094e+00
1.142539310455322266e+01
4.799507617950439453e+00
9.031877899169921875e+01
4.508117675781250000e+01
7.903358936309814453e+00
5.727929115295410156e+00
5.892687320709228516e+00
3.710246324539184570e+00
1.699551086425781250e+02
2.364489173889160156e+01
3.661371707916259766e+00
6.116832256317138672e+00
1.478256797790527344e+01
5.058131790161132812e+01
3.374754428863525391e+00
1.652030754089355469e+01
6.633415699005126953e+00
7.164672374725341797e+00
2.019994163513183594e+01
7.113119602203369141e+00
2.062837219238281250e+01
1.595237731933593750e+02
1.783729858398437500e+02
5.408199787139892578e+00
7.308791637420654297e+00
1.149253749847412109e+01
2.030326271057128906e+01
6.982412815093994141e+00
6.682957649230957031e+00
4.088303089141845703e+00
1.918572998046875000e+01
7.125409126281738281e+00
6.233223438262939453e+00
6.826507568359375000e+00
6.010206222534179688e+00
1.665762710571289062e+01
1.901045680046081543e+00
6.061650753021240234e+00
6.441198825836181641e+00
4.898570537567138672e+00
3.445601224899291992e+00
2.424304723739624023e+00
6.448074817657470703e+00
1.033020687103271484e+01
4.695025444030761719e+00
4.828725337982177734e+00
9.023721313476562500e+01
5.471457958221435547e+00
1.846949934959411621e+00
7.040883064270019531e+00
1.115264987945556641e+01
7.790949344635009766e+00
7.346600055694580078e+00
6.742033958435058594e+00
6.942124366760253906e+00
6.657555103302001953e+00
2.297051811218261719e+01
2.274375534057617188e+01
8.616960525512695312e+00
5.727792263031005859e+00
6.993192672729492188e+00
3.280023574829101562e+00
6.070371627807617188e+01
9.565258026123046875e+00
1.416374325752258301e+00
7.157220840454101562e+00
7.642570972442626953e+00
1.852756500244140625e+01
1.503421325683593750e+02
4.541828632354736328e+00
3.922162771224975586e+00
4.608447074890136719e+00
9.392935752868652344e+00
6.980839729309082031e+00
6.808786392211914062e+00
6.318076133728027344e+00
2.453038215637207031e+00
3.060607147216796875e+01
6.794367790222167969e+00
6.062491893768310547e+00
6.312363147735595703e+00
1.670591735839843750e+02
1.036654114723205566e+00
6.292640686035156250e+00
1.797244720458984375e+02
1.060539531707763672e+01
7.414814949035644531e+00
5.782622814178466797e+00
2.057854413986206055e+00
5.754080772399902344e+00
9.096326446533203125e+01
8.015426635742187500e+00
1.956141471862792969e+01
8.349801635742187500e+01
5.581106662750244141e+00
1.693679809570312500e+02
5.202548980712890625e+00
9.237805175781250000e+01
1.392688632011413574e+00
1.790710754394531250e+02
3.569144821166992188e+01
9.715643525123596191e-01
7.217653274536132812e+00
4.445586681365966797e+00
6.712707042694091797e+00
5.416020393371582031e+00
6.701712608337402344e+00
1.754826164245605469e+01
2.101166534423828125e+01
2.437941360473632812e+01
5.391288280487060547e+00
5.021724700927734375e+00
9.280994415283203125e+01
5.212633132934570312e+00
9.904986572265625000e+01
9.121195793151855469e+00
5.543902397155761719e+00
6.204724311828613281e+00
6.740230560302734375e+00
8.419138908386230469e+00
5.915660858154296875e+00
2.379077339172363281e+01
1.524700450897216797e+01
5.498397350311279297e+00
3.121736049652099609e+00
1.449694275856018066e+00
9.392767906188964844e+00
3.914266109466552734e+00
8.361188888549804688e+00
1.233797836303710938e+01
5.119559288024902344e+00
9.310648345947265625e+01
2.253314208984375000e+01
4.879657268524169922e+00
6.752963066101074219e+00
4.740699291229248047e+00
6.265850067138671875e+00
8.103604316711425781e+00
8.224377632141113281e+00
5.797922611236572266e+00
6.621283531188964844e+00
9.837192535400390625e+00
1.563200187683105469e+01
7.675472259521484375e+00
5.605564117431640625e+00
5.574220180511474609e+00
5.460989475250244141e+00
1.478299498558044434e+00
1.795295524597167969e+01
3.178045034408569336e+00
6.194098949432373047e+00
1.984445190429687500e+01
1.068562793731689453e+01
2.318324327468872070e+00
4.772082805633544922e+00
1.868258285522460938e+01
9.117600250244140625e+01
6.993192672729492188e+00
1.709037628173828125e+02
5.206539630889892578e+00
4.641989231109619141e+00
7.877935886383056641e+00
2.320697021484375000e+01
5.105379581451416016e+00
9.056274414062500000e+01
4.931732654571533203e+00
5.535482406616210938e+00
3.693107604980468750e+00
5.741531848907470703e+00
3.900132894515991211e+00
1.779927062988281250e+02
1.783161163330078125e+02
8.604917526245117188e+00
6.626376152038574219e+00
6.120740890502929688e+00
1.747152862548828125e+02
1.302693328857421875e+02
7.630697727203369141e+00
4.221042633056640625e+00
2.132883453369140625e+01
1.376148700714111328e+01
6.096929073333740234e+00
6.396599769592285156e+00
1.080345153808593750e+01
9.007511138916015625e+01
1.627968902587890625e+02
4.629650592803955078e+00
7.185179710388183594e+00
6.427851200103759766e+00
2.856422233581542969e+01
3.639056921005249023e+00
7.413227081298828125e+00
1.209420871734619141e+01
1.632065773010253906e+01
3.034478187561035156e+00
3.005177259445190430e+00
8.175051689147949219e+00
4.591499328613281250e+00
8.419045448303222656e+00
1.779387359619140625e+02
2.987406253814697266e+00
4.277978515625000000e+01
6.469144821166992188e+00
1.439935398101806641e+01
6.730679988861083984e+00
5.776450157165527344e+00
9.089737701416015625e+01
6.343471527099609375e+00
1.424553680419921875e+01
1.529365921020507812e+01
3.054016304016113281e+01
2.242102861404418945e+00
9.871594429016113281e+00
4.457730770111083984e+00
2.334790039062500000e+01
1.724597167968750000e+02
7.945864677429199219e+00
1.752727508544921875e+02
2.238939094543457031e+01
2.662153625488281250e+01
4.219465255737304688e+00
3.948932409286499023e+00
9.195098114013671875e+01
5.855179309844970703e+00
9.624552726745605469e+00
7.082052707672119141e+00
2.809374094009399414e+00
2.099403762817382812e+01
1.468982315063476562e+01
1.013822364807128906e+01
7.306751251220703125e+00
1.626734161376953125e+02
3.580913305282592773e+00
5.626153469085693359e+00
2.178702545166015625e+01
2.336595535278320312e+01
4.096629142761230469e+00
2.185227775573730469e+01
1.274414539337158203e+00
5.686099052429199219e+00
5.964632511138916016e+00
4.098445892333984375e+00
6.763990402221679688e+00
9.720329284667968750e+00
5.847005367279052734e+00
7.362766265869140625e+00
8.386327743530273438e+00
5.873495578765869141e+00
1.750233268737792969e+01
8.848198890686035156e+00
5.864211082458496094e+00
5.723821640014648438e+00
6.630635738372802734e+00
6.266099929809570312e+00
1.658600158691406250e+02
5.703170299530029297e+00
6.008248805999755859e+00
9.003266906738281250e+01
9.151822090148925781e+00
6.107466697692871094e+00
2.470688104629516602e+00
2.302235412597656250e+01
5.774617671966552734e+00
7.014757633209228516e+00
8.618328094482421875e+00
6.034814357757568359e+00
5.506588459014892578e+00
1.377921962738037109e+01
8.110870361328125000e+00
6.091138839721679688e+00
2.315422058105468750e+01
9.072724342346191406e+00
6.801753997802734375e+00
5.521018505096435547e+00
5.592612743377685547e+00
7.366230010986328125e+00
9.884414672851562500e+00
6.665680408477783203e+00
7.118908882141113281e+00
9.076863098144531250e+01
2.953358459472656250e+01
9.112960052490234375e+01
8.111934661865234375e+00
6.232782840728759766e+00
9.130019378662109375e+01
6.904102802276611328e+00
7.532702445983886719e+00
1.596632862091064453e+01
1.701134490966796875e+01
1.465286712646484375e+02
1.634791717529296875e+02
6.898873329162597656e+00
5.150618076324462891e+00
1.712210845947265625e+02
1.815314650535583496e+00
8.315691947937011719e+00
4.152090549468994141e+00
4.959303855895996094e+00
5.342288017272949219e+00
6.281039237976074219e+00
7.242888927459716797e+00
2.262198638916015625e+01
6.134562015533447266e+00
2.933048009872436523e+00
7.857327461242675781e+00
4.570975780487060547e+00
9.772457122802734375e+00
2.464977741241455078e+00
6.015161991119384766e+00
5.453520298004150391e+00
3.008822917938232422e+00
1.736600494384765625e+01
6.797600269317626953e+00
8.186187744140625000e+00
8.578765869140625000e+00
9.163412475585937500e+01
1.826712799072265625e+01
1.583434391021728516e+01
9.322383117675781250e+01
7.587110042572021484e+00
2.127620697021484375e+00
7.290946006774902344e+00
1.697823143005371094e+01
9.055529785156250000e+01
3.499726533889770508e+00
9.107852935791015625e+01
1.213397979736328125e+01
2.070937538146972656e+01
2.863663482666015625e+01
9.106681823730468750e+01
6.963171005249023438e+00
2.151926612854003906e+01
1.178878631591796875e+02
6.455491065979003906e+00
9.063130950927734375e+01
7.687221765518188477e-01
4.839828968048095703e+00
7.187690734863281250e+00
4.602151870727539062e+00
1.744652709960937500e+02
6.732835769653320312e+00
5.215038299560546875e+00
2.866759538650512695e+00
4.905045509338378906e+00
7.872003078460693359e+00
6.235110282897949219e+00
8.224904060363769531e+00
9.504025459289550781e+00
1.418484687805175781e+01
1.169118309020996094e+01
4.279289245605468750e+00
9.091104888916015625e+01
3.635180711746215820e+00
6.209967136383056641e+00
2.025454044342041016e+00
7.619374275207519531e+00
8.278203964233398438e+00
4.869207382202148438e+00
4.201883792877197266e+00
1.153271389007568359e+01
3.705070257186889648e+00
2.941312313079833984e+00
5.508154392242431641e+00
5.511924266815185547e+00
2.407607078552246094e+01
6.122149944305419922e+00
2.385178947448730469e+01
5.400875568389892578e+00
7.740350246429443359e+00
7.369797515869140625e+01
8.178605079650878906e+00
1.107462215423583984e+01
4.672608852386474609e+00
6.698258399963378906e+00
7.499021053314208984e+00
2.293773269653320312e+01
9.618381500244140625e+00
6.857696056365966797e+00
2.319334411621093750e+01
2.219221305847167969e+01
2.057551574707031250e+01
1.800000000000000000e+02
6.138459682464599609e+00
6.729922294616699219e+00
6.231965065002441406e+00
6.906715393066406250e+00
1.075758743286132812e+01
6.105347633361816406e+00
6.708790779113769531e+00
3.763691663742065430e+00
2.221968460083007812e+01
1.339600219726562500e+02
7.557098865509033203e+00
6.819263458251953125e+00
9.180956268310546875e+01
4.060811042785644531e+00
1.482395076751708984e+01
8.249217033386230469e+00
7.122104644775390625e+00
1.082016372680664062e+01
5.756055831909179688e+00
5.456969261169433594e+00
8.008468627929687500e+00
8.964755058288574219e+00
6.798234939575195312e+00
2.085734176635742188e+01
8.292802810668945312e+00
2.593478012084960938e+01
6.860498428344726562e+00
9.177014160156250000e+01
1.134418392181396484e+01
6.355453491210937500e+00
1.752864990234375000e+02
3.915510177612304688e+01
2.972941017150878906e+01
4.794280529022216797e+00
3.999585866928100586e+00
5.082609653472900391e+00
1.228541336059570312e+02
2.644120693206787109e+00
1.040845394134521484e+01
1.609077835083007812e+01
9.004303741455078125e+01
1.103547573089599609e+01
2.952605009078979492e+00
6.152687072753906250e+00
9.434033966064453125e+01
1.789450225830078125e+02
1.769899010658264160e+00
9.007413482666015625e+01
1.935597229003906250e+01
6.669797897338867188e+00
6.964410781860351562e+00
2.505072784423828125e+01
1.625787963867187500e+02
2.519171714782714844e+00
9.116712570190429688e+00
1.956771659851074219e+01
7.536035537719726562e+00
7.288039207458496094e+00
7.041719436645507812e+00
2.896378278732299805e+00
1.358043289184570312e+01
7.098984718322753906e+00
5.170285701751708984e+00
7.903955459594726562e+00
1.787808532714843750e+02
4.221785068511962891e+00
1.617131471633911133e+00
5.623366355895996094e+00
6.172665119171142578e+00
4.724805355072021484e+00
1.563732452392578125e+02
6.467447280883789062e+00
2.138214111328125000e+01
5.104995727539062500e+00
2.155736732482910156e+01
3.000489807128906250e+01
4.692855834960937500e+00
2.233181238174438477e+00
2.978481292724609375e+00
1.800000000000000000e+02
2.741525888442993164e+00
4.121977996826171875e+01
8.241406440734863281e+00
5.135684490203857422e+00
2.931818389892578125e+01
1.645204010009765625e+02
6.586480617523193359e+00
5.870424747467041016e+00
7.099095821380615234e+00
5.386124134063720703e+00
7.293582439422607422e+00
1.529539394378662109e+01
6.879969120025634766e+00
2.211073684692382812e+01
8.087778472900390625e+01
7.442549705505371094e+00
2.030119323730468750e+01
2.262239646911621094e+01
1.330973720550537109e+01
6.726482868194580078e+00
8.104186058044433594e+00
8.977456092834472656e+00
2.501965713500976562e+01
2.653618812561035156e+01
9.032719421386718750e+01
2.337211990356445312e+01
1.840633773803710938e+01
2.624511718750000000e+01
3.586486339569091797e+00
2.229509735107421875e+01
9.094467926025390625e+01
9.264493560791015625e+01
2.919535398483276367e+00
1.768507003784179688e+01
2.447790908813476562e+01
5.401963233947753906e+00
5.078984737396240234e+00
1.587427330017089844e+01
2.009337234497070312e+01
2.578758811950683594e+01
4.694691658020019531e+00
7.567582607269287109e+00
1.228290939331054688e+01
6.323411464691162109e+00
2.267271804809570312e+01
8.142517089843750000e+00
2.304344177246093750e+01
2.992251396179199219e+00
9.124595642089843750e+01
3.128000974655151367e+00
1.385580635070800781e+01
1.928623771667480469e+01
1.996518325805664062e+01
5.018524646759033203e+00
5.422240257263183594e+00
2.133052444458007812e+01
1.083888530731201172e+01
1.691740264892578125e+02
7.562653541564941406e+00
9.081943511962890625e+01
7.525716781616210938e+00
7.161495685577392578e+00
4.525584220886230469e+00
4.275442600250244141e+00
9.102811431884765625e+01
7.093013763427734375e+00
5.264400959014892578e+00
5.373302459716796875e+00
1.369465637207031250e+01
1.710972785949707031e+01
2.050122451782226562e+01
2.846751213073730469e+00
2.496694326400756836e+00
6.270854473114013672e+00
3.623852014541625977e+00
2.753210544586181641e+00
5.368924617767333984e+00
9.993636012077331543e-01
7.124363422393798828e+00
2.719029045104980469e+01
1.626112823486328125e+02
7.269763946533203125e+00
4.718332767486572266e+00
1.741362609863281250e+02
9.133459472656250000e+01
3.304997444152832031e+00
5.691956043243408203e+00
7.886502742767333984e+00
9.194779205322265625e+01
7.237956523895263672e+00
7.369852066040039062e+00
1.049722576141357422e+01
3.597357177734375000e+01
1.723287463188171387e+00
7.331253528594970703e+00
4.965857982635498047e+00
9.237859344482421875e+01
2.058723449707031250e+01
3.518947601318359375e+01
1.704658508300781250e+01
1.743648529052734375e+01
5.356647014617919922e+00
7.172718048095703125e+00
6.756679534912109375e+00
9.000477600097656250e+01
1.774605751037597656e+01
1.634225249290466309e+00
7.118468284606933594e+00
1.609236755371093750e+02
6.919993877410888672e+00
5.540366172790527344e+00
8.855862021446228027e-01
3.147840499877929688e+00
1.145726394653320312e+02
6.196250438690185547e+00
6.298308372497558594e+00
9.065840911865234375e+01
1.627334289550781250e+02
1.245212554931640625e+00
2.800720691680908203e+00
1.765658378601074219e+01
8.308605194091796875e+00
7.685999870300292969e+00
5.496329784393310547e+00
9.188493347167968750e+01
5.422818660736083984e+00
1.758772583007812500e+02
5.402688980102539062e+00
7.285830974578857422e+00
8.068546295166015625e+00
7.452035427093505859e+00
1.800000000000000000e+02
1.069247817993164062e+01
2.987406253814697266e+00
9.712396621704101562e+00
6.818572998046875000e+00
6.029224395751953125e+00
2.714899063110351562e+01
4.511365413665771484e+00
9.055911254882812500e+01
2.754946899414062500e+01
1.780029754638671875e+02
5.967129707336425781e+00
6.098020935058593750e+01
7.044727325439453125e+00
1.279995918273925781e+01
2.200164031982421875e+01
9.012355804443359375e+01
9.003958129882812500e+01
6.777894020080566406e+00
1.773624877929687500e+02
7.289492130279541016e+00
6.474901676177978516e+00
2.159741210937500000e+01
1.757181549072265625e+02
2.366619110107421875e+00
7.051184177398681641e+00
6.925660610198974609e+00
7.815899848937988281e+00
6.870840549468994141e+00
1.238376522064208984e+01
6.518486022949218750e+00
6.901374816894531250e+00
2.897729873657226562e+00
8.097303390502929688e+00
8.322253227233886719e+00
3.734233856201171875e+00
1.741698646545410156e+01
1.232915210723876953e+01
7.620970726013183594e+00
2.272601127624511719e+01
6.963903427124023438e+00
5.474107742309570312e+00
1.331581783294677734e+01
7.287069320678710938e+00
5.750127792358398438e+00
3.379739999771118164e+00
6.555922031402587891e+00
1.799440612792968750e+02
2.604497718811035156e+01
3.300492286682128906e+00
4.729114532470703125e+00
1.434751605987548828e+01
2.591934204101562500e+00
5.256279945373535156e+00
4.251739978790283203e+00
4.291263103485107422e+00
3.379276752471923828e+00
7.203231811523437500e+00
1.158377933502197266e+01
5.842041969299316406e+00
8.046813011169433594e+00
6.460227489471435547e+00
6.511924743652343750e+00
5.135226726531982422e+00
8.210853576660156250e+00
4.722814559936523438e+00
7.105172157287597656e+00
2.366293716430664062e+01
5.438767433166503906e+00
1.832400512695312500e+01
3.831821441650390625e+01
3.062988042831420898e+00
1.435479164123535156e+01
6.643754959106445312e+00
5.350350856781005859e+00
4.820523262023925781e+00
6.797946453094482422e+00
1.207322978973388672e+01
1.254084777832031250e+01
9.153923797607421875e+01
2.504793548583984375e+01
3.672372102737426758e+00
1.046049714088439941e+00
5.710382938385009766e+00
4.703779220581054688e+00
5.648473739624023438e+00
5.039328575134277344e+00
7.102466106414794922e+00
2.066047477722167969e+01
3.668637752532958984e+00
3.394537448883056641e+00
3.504199266433715820e+00
1.884588623046875000e+01
