9.584946930408477783e-02
3.166349604725837708e-02
5.876829475164413452e-02
1.930795609951019287e-02
3.550285845994949341e-02
9.304104745388031006e-02
1.239480674266815186e-01
6.922989338636398315e-02
1.090240757912397385e-02
4.911263659596443176e-02
4.377473145723342896e-02
2.877196669578552246e-02
4.321207851171493530e-02
2.565975114703178406e-02
2.677710540592670441e-02
6.520938128232955933e-02
6.062045320868492126e-02
7.986592501401901245e-02
5.546014010906219482e-02
2.703684382140636444e-02
2.007779292762279510e-02
4.457839950919151306e-02
2.107713185250759125e-02
2.992187067866325378e-02
6.955612450838088989e-02
1.375682353973388672e-01
5.795192718505859375e-02
2.261602319777011871e-02
4.071732982993125916e-02
2.247446216642856598e-02
4.779036715626716614e-02
1.576706916093826294e-01
3.151254728436470032e-02
4.925040900707244873e-02
6.292445957660675049e-02
3.700723499059677124e-02
5.887640267610549927e-02
9.212622046470642090e-02
4.274326190352439880e-02
6.357833743095397949e-02
2.910557389259338379e-02
3.592662885785102844e-02
4.099705070257186890e-02
8.391119539737701416e-02
2.419191412627696991e-02
1.122500374913215637e-02
3.602502495050430298e-02
6.368438154458999634e-02
3.721235692501068115e-02
3.738965839147567749e-02
4.990163818001747131e-02
7.249519973993301392e-02
1.420293562114238739e-02
8.446323871612548828e-02
3.181046247482299805e-02
4.610804840922355652e-02
4.415002837777137756e-02
7.548313587903976440e-02
8.200969547033309937e-03
1.749679259955883026e-02
3.596775606274604797e-02
6.545223295688629150e-02
3.913979977369308472e-02
1.049317643046379089e-01
8.673338592052459717e-02
4.411570355296134949e-02
4.923244938254356384e-02
1.164659783244132996e-01
1.905173994600772858e-02
5.923440307378768921e-02
8.518303185701370239e-02
1.950744725763797760e-02
4.654023796319961548e-02
3.846522793173789978e-02
6.738413125276565552e-02
1.050387024879455566e-01
6.531890481710433960e-02
5.200011655688285828e-02
4.894310608506202698e-02
2.341768704354763031e-02
3.823119029402732849e-02
3.461858630180358887e-02
1.156976297497749329e-01
3.478014469146728516e-02
7.832664996385574341e-02
6.772898137569427490e-02
2.769564650952816010e-02
2.569458261132240295e-02
4.747715964913368225e-02
7.415051013231277466e-02
6.180039420723915100e-02
5.416889861226081848e-02
3.417461365461349487e-02
3.676860034465789795e-02
3.571007028222084045e-02
3.491191565990447998e-02
8.195836842060089111e-02
1.265063285827636719e-01
3.103178553283214569e-02
6.262201070785522461e-02
5.832571163773536682e-02
2.452469617128372192e-02
4.244230315089225769e-02
1.067528501152992249e-01
1.265524923801422119e-01
1.959783956408500671e-02
1.753999292850494385e-02
7.222299277782440186e-02
8.019640296697616577e-02
8.695797622203826904e-02
5.273697897791862488e-02
4.432075843214988708e-02
3.738550469279289246e-02
3.622017800807952881e-02
7.822266966104507446e-02
2.743866480886936188e-02
2.745919860899448395e-02
5.400872603058815002e-02
1.220372468233108521e-01
1.572428196668624878e-01
6.225917115807533264e-02
1.497487723827362061e-01
3.580986708402633667e-02
5.867818742990493774e-02
3.239395841956138611e-02
5.656366050243377686e-02
3.361636400222778320e-02
6.821756064891815186e-02
2.595741115510463715e-02
3.908301517367362976e-02
5.470601096749305725e-02
6.123563647270202637e-02
1.426856368780136108e-01
6.653509289026260376e-02
3.731946274638175964e-02
4.054266959428787231e-02
1.272258758544921875e-01
4.403975605964660645e-02
1.601835526525974274e-02
4.920131713151931763e-02
3.792851790785789490e-02
7.648058235645294189e-02
6.009001284837722778e-02
9.415083378553390503e-02
1.158664077520370483e-01
8.950310200452804565e-02
3.190704062581062317e-02
2.459428459405899048e-02
7.870469242334365845e-02
4.393206909298896790e-02
3.080825693905353546e-02
1.098007336258888245e-02
3.653151914477348328e-02
1.118619218468666077e-01
3.991065174341201782e-02
2.933673746883869171e-02
1.846755295991897583e-02
3.739038109779357910e-02
7.542311400175094604e-02
3.747402504086494446e-02
1.286756433546543121e-02
1.073614228516817093e-02
3.834881633520126343e-02
2.565149031579494476e-02
4.131112247705459595e-02
4.815360903739929199e-02
5.162147060036659241e-02
2.464951388537883759e-02
7.741470634937286377e-02
6.628900766372680664e-02
1.622452214360237122e-02
4.774082452058792114e-02
6.081120669841766357e-02
6.032223999500274658e-02
4.734527319669723511e-02
5.086608231067657471e-02
3.620416298508644104e-02
3.819558024406433105e-02
5.559567362070083618e-02
2.274894714355468750e-02
5.456546321511268616e-02
7.201138883829116821e-02
5.756244063377380371e-02
4.906482249498367310e-02
1.028277259320020676e-02
1.049985662102699280e-01
4.808464646339416504e-02
4.588151350617408752e-02
3.346703946590423584e-02
2.990742586553096771e-02
3.775941208004951477e-02
1.222494468092918396e-01
3.944494947791099548e-02
2.978995069861412048e-02
3.095256537199020386e-02
6.061270460486412048e-02
2.333004586398601532e-02
3.186206892132759094e-02
1.956721954047679901e-02
1.968022622168064117e-02
1.473377197980880737e-01
3.634208440780639648e-02
6.473205238580703735e-02
2.861375920474529266e-02
5.786187574267387390e-02
4.073916003108024597e-02
3.526425361633300781e-02
7.410563528537750244e-02
8.418659120798110962e-02
2.070984058082103729e-02
5.447205156087875366e-02
5.913404002785682678e-02
2.966619282960891724e-02
4.677100479602813721e-02
1.922673173248767853e-02
7.102039456367492676e-02
7.032973319292068481e-02
3.634382039308547974e-02
1.627298891544342041e-01
4.884754866361618042e-02
1.794950067996978760e-01
3.832338377833366394e-02
1.651002652943134308e-02
1.677920669317245483e-01
4.611524567008018494e-02
6.455712020397186279e-02
8.071141690015792847e-02
3.412662819027900696e-02
2.098399959504604340e-02
5.830167979001998901e-02
6.355923414230346680e-02
1.389528214931488037e-01
7.300727814435958862e-02
5.423740297555923462e-02
3.354088962078094482e-02
9.139509499073028564e-02
3.741697594523429871e-02
9.095827490091323853e-02
9.088291786611080170e-03
1.513406913727521896e-02
6.962370872497558594e-02
2.801315486431121826e-02
8.511844277381896973e-02
5.037599056959152222e-02
1.681865602731704712e-01
9.619911015033721924e-02
6.867017596960067749e-02
3.796152770519256592e-02
5.303393676877021790e-02
7.883198559284210205e-02
2.390730194747447968e-02
5.154150351881980896e-02
4.498855769634246826e-02
3.866934776306152344e-02
8.621518313884735107e-02
8.143109828233718872e-02
5.495538190007209778e-02
1.367299910634756088e-02
2.617163397371768951e-02
6.316198408603668213e-02
4.744515195488929749e-02
1.053694821894168854e-02
3.764504566788673401e-02
7.789338380098342896e-02
1.194042488932609558e-01
7.388455420732498169e-02
4.901444539427757263e-02
3.444806486368179321e-02
4.896299913525581360e-02
4.692725092172622681e-02
2.451816573739051819e-02
7.490221410989761353e-02
3.040853887796401978e-02
2.239314466714859009e-02
9.428128600120544434e-02
5.575410276651382446e-02
4.516818001866340637e-02
4.935119301080703735e-02
8.636679500341415405e-02
1.565590053796768188e-01
5.970003828406333923e-02
4.516662657260894775e-02
1.769274659454822540e-02
4.647540673613548279e-02
3.049669601023197174e-02
8.710666745901107788e-02
6.830702070146799088e-03
9.617127478122711182e-02
3.514024615287780762e-02
5.835062265396118164e-02
2.316329069435596466e-02
6.205061823129653931e-02
1.703682541847229004e-02
1.642092466354370117e-01
6.392041593790054321e-02
3.618416190147399902e-02
2.283959463238716125e-02
3.421955183148384094e-02
1.389928758144378662e-01
4.439298808574676514e-02
5.641891807317733765e-02
3.473897278308868408e-02
8.615949749946594238e-02
6.655815988779067993e-02
5.928602442145347595e-02
4.552215710282325745e-02
1.042422428727149963e-01
6.271985173225402832e-02
4.751878604292869568e-02
3.917880728840827942e-02
5.371539667248725891e-02
1.754051074385643005e-02
9.275179356336593628e-02
2.551189251244068146e-02
5.002588406205177307e-02
6.990556418895721436e-02
9.842454642057418823e-02
5.376656353473663330e-02
1.580757647752761841e-02
4.036338627338409424e-02
3.111389093101024628e-02
2.450045198202133179e-02
3.876168280839920044e-02
5.897840857505798340e-02
4.143882542848587036e-02
1.877868920564651489e-02
5.325236544013023376e-02
4.600188508629798889e-02
7.296650111675262451e-02
1.106942072510719299e-01
4.408441856503486633e-02
6.448049843311309814e-02
7.241985201835632324e-02
6.608952581882476807e-02
4.123746603727340698e-02
1.296487636864185333e-02
3.202213346958160400e-02
5.133087933063507080e-02
8.766423910856246948e-02
4.464723914861679077e-02
9.900970757007598877e-02
7.463899254798889160e-02
8.882943540811538696e-02
5.897340178489685059e-02
8.459809422492980957e-02
6.611322611570358276e-02
3.582312911748886108e-02
6.196448579430580139e-02
2.704345993697643280e-02
6.160199642181396484e-02
1.075609177350997925e-01
9.630648791790008545e-02
9.643177688121795654e-02
2.996710129082202911e-02
5.668815970420837402e-02
5.442963913083076477e-02
5.444411933422088623e-02
1.078449115157127380e-01
9.182309359312057495e-02
6.292858719825744629e-02
2.717178687453269958e-02
2.267546579241752625e-02
4.795669764280319214e-02
4.928533360362052917e-02
5.394879356026649475e-02
2.015365101397037506e-02
3.524969145655632019e-02
3.888036310672760010e-02
5.692407116293907166e-02
6.709112972021102905e-02
5.314729362726211548e-02
2.155936136841773987e-02
5.244498699903488159e-02
5.263936519622802734e-02
4.412656649947166443e-02
1.287689339369535446e-02
4.043557494878768921e-02
5.956131964921951294e-02
6.466742604970932007e-02
4.411779716610908508e-02
1.791844703257083893e-02
4.529668763279914856e-02
4.527821391820907593e-02
3.982575237751007080e-02
9.838941693305969238e-02
5.213715508580207825e-02
3.138474002480506897e-02
3.550722077488899231e-02
4.441106319427490234e-02
4.863285273313522339e-02
2.222536690533161163e-02
4.746840149164199829e-02
2.618091367185115814e-02
1.157844066619873047e-01
6.971745938062667847e-02
7.663106173276901245e-02
1.899363473057746887e-02
1.191359292715787888e-02
4.827223345637321472e-02
7.293078303337097168e-02
5.408964678645133972e-02
1.661367416381835938e-01
6.735682487487792969e-02
2.030091881752014160e-01
5.889609083533287048e-02
8.139237761497497559e-02
3.020158410072326660e-02
1.325098127126693726e-01
4.168500751256942749e-02
8.794432133436203003e-02
1.781094819307327271e-01
5.794534459710121155e-02
5.578326061367988586e-02
7.805123925209045410e-02
4.965252801775932312e-02
3.766499459743499756e-02
1.044167503714561462e-01
2.729629166424274445e-02
2.292606420814990997e-02
5.775109678506851196e-02
4.024810343980789185e-02
7.109144330024719238e-02
3.904606774449348450e-02
4.428904876112937927e-02
1.001085937023162842e-01
5.650282651185989380e-02
4.213232547044754028e-02
4.254417866468429565e-02
7.057047635316848755e-02
1.584327220916748047e-02
5.181005597114562988e-02
5.617280304431915283e-02
3.411479294300079346e-02
3.091835975646972656e-02
8.872268348932266235e-02
3.400691971182823181e-02
4.494282975792884827e-02
3.215472027659416199e-02
8.874025195837020874e-02
2.537513710558414459e-02
8.902277797460556030e-02
7.820504903793334961e-02
4.681406915187835693e-02
4.316661506891250610e-02
6.010814756155014038e-02
9.117452055215835571e-02
5.064270645380020142e-02
5.432327836751937866e-02
1.135987192392349243e-01
1.254814565181732178e-01
1.386075168848037720e-01
1.811761409044265747e-01
3.856957703828811646e-02
4.429788514971733093e-02
1.261231750249862671e-01
9.915288537740707397e-02
2.409130893647670746e-02
5.974355340003967285e-02
5.102567002177238464e-02
3.672926500439643860e-02
3.783300518989562988e-02
4.604525491595268250e-02
9.117434918880462646e-02
4.852775484323501587e-02
4.516535624861717224e-02
3.349141404032707214e-02
4.904283955693244934e-02
6.217578053474426270e-02
9.209664911031723022e-02
4.089657962322235107e-02
9.341371059417724609e-02
1.042636707425117493e-01
2.654098160564899445e-02
6.544471532106399536e-02
9.949622303247451782e-02
2.101860754191875458e-02
1.634248532354831696e-02
2.963597699999809265e-02
5.807767063379287720e-02
3.520761802792549133e-02
5.006190016865730286e-02
2.588661387562751770e-02
8.618895709514617920e-02
1.968424953520298004e-02
5.853053927421569824e-02
5.115913972258567810e-02
1.633273623883724213e-02
1.470960378646850586e-01
4.726491495966911316e-02
9.294287860393524170e-02
5.963110551238059998e-02
8.989870548248291016e-03
1.885906457901000977e-01
3.109919279813766479e-02
9.738185256719589233e-02
4.130244255065917969e-02
4.384232312440872192e-02
4.358699545264244080e-02
3.660111874341964722e-02
3.886140137910842896e-02
1.742415502667427063e-02
1.875166445970535278e-01
6.173579767346382141e-02
8.516510576009750366e-02
1.090789511799812317e-01
3.860067203640937805e-02
2.220255322754383087e-02
4.492668807506561279e-02
5.652875080704689026e-02
1.409727931022644043e-01
6.164292991161346436e-02
7.583054155111312866e-02
8.196700364351272583e-02
9.514868259429931641e-02
7.740774005651473999e-02
4.926455765962600708e-02
3.125393018126487732e-02
1.361413598060607910e-01
3.352158144116401672e-02
6.468485295772552490e-02
5.853167548775672913e-02
6.511575728654861450e-02
2.550794556736946106e-02
4.132899641990661621e-02
3.549601510167121887e-02
5.307061970233917236e-02
4.313753917813301086e-02
1.011589169502258301e-02
1.067461743950843811e-01
2.102543041110038757e-02
3.946892172098159790e-02
1.834471896290779114e-02
1.222339197993278503e-01
3.621097281575202942e-02
2.507340535521507263e-02
5.602459982037544250e-02
8.196462690830230713e-02
5.055117607116699219e-02
3.251366317272186279e-02
1.303385943174362183e-02
8.097760379314422607e-03
3.543031960725784302e-02
4.433338344097137451e-02
9.425021708011627197e-02
6.289835274219512939e-02
5.683271586894989014e-02
3.368022292852401733e-02
5.274875462055206299e-02
9.763913229107856750e-03
1.446308940649032593e-01
6.626167148351669312e-02
3.651838004589080811e-02
4.788653552532196045e-02
7.901941984891891479e-02
1.436047255992889404e-01
1.351086609065532684e-02
1.064372658729553223e-01
4.838580638170242310e-02
3.916829079389572144e-02
8.077355474233627319e-02
1.160778924822807312e-01
6.817271560430526733e-02
3.145418316125869751e-02
5.287447944283485413e-02
8.165607601404190063e-02
2.709672972559928894e-02
2.661990933120250702e-02
5.909551680088043213e-02
4.177006334066390991e-02
8.570304512977600098e-02
5.429334938526153564e-02
7.823175936937332153e-02
3.509845212101936340e-02
5.144895240664482117e-02
4.727029427886009216e-02
5.564461648464202881e-02
7.347929477691650391e-02
9.197807870805263519e-03
3.801285475492477417e-02
1.469182968139648438e-01
3.231284394860267639e-02
2.385640516877174377e-02
3.645416349172592163e-02
1.996865868568420410e-02
8.608835935592651367e-02
5.594157427549362183e-02
9.733691811561584473e-02
4.776725172996520996e-02
5.336562544107437134e-02
1.335533112287521362e-01
5.804278329014778137e-02
4.888702929019927979e-02
6.165838241577148438e-02
1.283783279359340668e-02
3.934600576758384705e-02
1.865684054791927338e-02
4.780904203653335571e-02
6.420017033815383911e-02
7.739035785198211670e-02
1.053912937641143799e-01
1.920245029032230377e-02
1.038610115647315979e-01
1.058979630470275879e-01
6.218347325921058655e-02
1.469045691192150116e-02
4.602802172303199768e-02
1.930334419012069702e-02
9.586664289236068726e-02
3.943688794970512390e-02
7.939378917217254639e-02
6.459348648786544800e-02
7.027536630630493164e-02
5.859880149364471436e-02
1.751047559082508087e-02
1.242152526974678040e-01
1.603748351335525513e-01
1.120189949870109558e-01
3.413250297307968140e-02
7.979909330606460571e-02
1.032275035977363586e-01
3.618178144097328186e-02
1.250070054084062576e-02
4.477435350418090820e-02
1.735201925039291382e-01
1.021965220570564270e-01
2.065763249993324280e-02
6.165848299860954285e-02
4.380564764142036438e-02
5.315758660435676575e-02
9.396801143884658813e-02
4.688753187656402588e-02
1.371108889579772949e-01
3.403895720839500427e-02
5.669799819588661194e-02
6.192603707313537598e-02
3.794832155108451843e-02
9.378369897603988647e-02
5.301502719521522522e-02
8.031933754682540894e-02
1.266023702919483185e-02
1.078267395496368408e-01
8.015181869268417358e-02
8.381740003824234009e-02
3.700886666774749756e-02
2.996591106057167053e-02
3.714310377836227417e-02
5.906438827514648438e-02
4.073702171444892883e-02
3.535861894488334656e-02
9.817963838577270508e-02
4.357319697737693787e-02
5.889251455664634705e-02
1.168119627982378006e-02
6.373460590839385986e-02
1.302945762872695923e-01
1.308918148279190063e-01
2.679086476564407349e-02
5.133686587214469910e-02
6.044847890734672546e-02
4.258720949292182922e-02
6.125190854072570801e-02
6.159497424960136414e-02
3.327994793653488159e-02
2.154505439102649689e-02
9.636236727237701416e-02
7.393043488264083862e-02
1.395750883966684341e-02
7.541725039482116699e-02
1.810528934001922607e-01
6.084773689508438110e-02
2.332480810582637787e-02
4.305856674909591675e-02
5.588030070066452026e-02
9.394412487745285034e-02
2.228492312133312225e-02
3.327744454145431519e-02
4.855773970484733582e-02
1.288303732872009277e-01
5.628845095634460449e-02
4.334044456481933594e-02
5.381633713841438293e-02
1.265800148248672485e-01
7.193566858768463135e-02
1.172302514314651489e-01
3.614306449890136719e-02
6.884327530860900879e-02
4.454836994409561157e-02
1.834681443870067596e-02
6.320695579051971436e-02
3.443827852606773376e-02
7.954602688550949097e-02
5.530877783894538879e-02
5.036474764347076416e-02
1.098220720887184143e-01
4.767296463251113892e-02
3.983576595783233643e-02
7.041007280349731445e-02
2.633492462337017059e-02
3.109465166926383972e-02
7.601135224103927612e-02
5.336636304855346680e-02
1.321190446615219116e-01
8.306714892387390137e-02
2.540338970720767975e-02
7.325457036495208740e-02
6.460527330636978149e-02
1.195849757641553879e-02
5.138560011982917786e-02
3.102186508476734161e-02
8.481825143098831177e-02
4.292633011937141418e-02
9.217384457588195801e-02
1.562774181365966797e-02
3.785871341824531555e-02
4.066983982920646667e-02
4.733525589108467102e-02
4.630960151553153992e-02
4.053395614027976990e-02
5.695333704352378845e-03
1.408940255641937256e-01
8.776096254587173462e-02
4.472790285944938660e-02
1.204655542969703674e-01
5.501141026616096497e-02
8.195986598730087280e-02
2.801580540835857391e-02
4.201393201947212219e-02
6.940637528896331787e-02
1.986720040440559387e-02
2.821450307965278625e-02
9.377244859933853149e-02
1.161124631762504578e-01
2.596694603562355042e-02
1.833036914467811584e-02
5.774948373436927795e-02
4.501282423734664917e-02
5.710616707801818848e-02
3.010522201657295227e-02
7.181000709533691406e-02
7.102575898170471191e-02
2.648152597248554230e-02
5.953636020421981812e-02
7.516211271286010742e-02
5.340702086687088013e-02
5.646581575274467468e-02
3.223083540797233582e-02
5.096859112381935120e-02
5.998555943369865417e-02
1.390854362398386002e-02
5.496460944414138794e-02
1.000489816069602966e-01
4.674630984663963318e-02
9.565471112728118896e-02
1.261200197041034698e-02
5.564504489302635193e-02
9.221952408552169800e-02
2.988770045340061188e-02
1.860054023563861847e-02
9.917499870061874390e-02
2.443764917552471161e-02
5.372621864080429077e-02
2.326384373009204865e-02
4.724583029747009277e-02
7.834368944168090820e-02
8.705872297286987305e-02
2.483543567359447479e-02
2.502601593732833862e-02
8.246142417192459106e-02
3.991734236478805542e-02
4.944953322410583496e-02
3.041612915694713593e-02
6.631166487932205200e-02
3.510491177439689636e-02
6.327658146619796753e-02
4.581573233008384705e-02
4.432962834835052490e-02
3.815082460641860962e-02
4.916512966156005859e-02
4.217510297894477844e-02
4.447529092431068420e-02
1.395036280155181885e-01
1.960888132452964783e-02
5.174095928668975830e-02
9.620677679777145386e-02
4.909024387598037720e-02
5.757582932710647583e-02
1.459271609783172607e-01
4.261169582605361938e-02
5.183234065771102905e-02
2.303451299667358398e-02
5.905609950423240662e-02
4.880889505147933960e-02
3.807110711932182312e-02
1.562100835144519806e-02
5.019392073154449463e-02
1.010626927018165588e-01
9.080988913774490356e-02
2.699067257344722748e-02
6.348058581352233887e-02
4.692338779568672180e-02
2.545681595802307129e-02
2.511799521744251251e-02
6.280449032783508301e-02
4.637457057833671570e-02
2.909048274159431458e-02
4.320769384503364563e-02
3.072797320783138275e-02
1.823523826897144318e-02
8.099919557571411133e-02
