3.435065078735351562e+01
1.240585136413574219e+01
9.458071708679199219e+00
9.007019996643066406e+00
9.159322738647460938e+00
9.130659484863281250e+01
6.676030731201171875e+01
9.375432968139648438e+00
2.343007850646972656e+01
1.042289161682128906e+01
1.121420669555664062e+01
1.590098667144775391e+01
1.282739162445068359e+01
9.604384613037109375e+01
3.079534339904785156e+01
9.002417564392089844e+00
9.508733749389648438e+00
1.612550735473632812e+01
1.048157215118408203e+01
1.214943027496337891e+01
1.758816909790039062e+01
1.245435428619384766e+01
1.087303543090820312e+01
1.159787750244140625e+02
1.046449470520019531e+01
9.479936981201171875e+01
9.645771980285644531e+00
7.231010913848876953e+00
1.117802810668945312e+01
1.259249305725097656e+01
9.742145538330078125e+00
8.659111022949218750e+01
8.044873809814453125e+01
9.652387619018554688e+00
9.519483566284179688e+00
1.774250221252441406e+01
9.663321495056152344e+00
9.611505889892578125e+01
2.088292884826660156e+01
1.071373939514160156e+01
1.293037509918212891e+01
1.608072471618652344e+01
1.039546775817871094e+01
2.165457153320312500e+01
8.392652130126953125e+01
1.725163269042968750e+01
9.893328666687011719e+00
7.654130458831787109e+00
1.152643108367919922e+01
3.155776405334472656e+01
1.280143642425537109e+01
1.358048534393310547e+01
9.474364280700683594e+00
6.820354461669921875e+01
1.517551231384277344e+01
6.784925079345703125e+01
1.531029605865478516e+01
7.859434509277343750e+01
3.302816009521484375e+01
2.117623138427734375e+01
2.618889236450195312e+01
6.564054489135742188e+00
1.188664474487304688e+02
4.394029998779296875e+01
1.295079994201660156e+01
1.759306526184082031e+01
7.538849830627441406e+00
7.691306304931640625e+01
7.604747295379638672e+00
1.826338768005371094e+01
8.462128639221191406e+00
3.239958953857421875e+01
1.295436763763427734e+01
9.795403289794921875e+01
1.499340629577636719e+01
7.350119781494140625e+01
1.307448101043701172e+01
5.004863357543945312e+01
2.129067802429199219e+01
1.615098571777343750e+01
4.094000625610351562e+01
8.462810516357421875e+00
6.827136230468750000e+01
8.862630844116210938e+00
9.002849578857421875e+00
1.197665786743164062e+01
8.975576400756835938e+00
3.572577285766601562e+01
1.075373458862304688e+01
8.823590087890625000e+01
1.117225742340087891e+01
2.440036773681640625e+01
4.152668762207031250e+01
1.263990249633789062e+02
8.935029029846191406e+00
8.985719680786132812e+00
2.682875823974609375e+01
9.849195861816406250e+01
7.489873409271240234e+00
4.638027572631835938e+01
1.037328910827636719e+01
7.964586734771728516e+00
1.082365322113037109e+01
9.367223358154296875e+01
5.053378295898437500e+01
2.578606033325195312e+01
1.151898384094238281e+01
9.896435737609863281e+00
2.825846862792968750e+01
6.205858612060546875e+01
2.296877098083496094e+01
2.916423988342285156e+01
9.037611961364746094e+00
8.000484466552734375e+00
7.243525695800781250e+01
1.328099536895751953e+01
8.600904464721679688e+00
9.094145965576171875e+01
3.613257598876953125e+01
4.550979995727539062e+01
1.345500946044921875e+01
2.497340011596679688e+01
2.233999061584472656e+01
5.692431640625000000e+01
9.288764953613281250e+00
6.275806045532226562e+01
1.027237625122070312e+02
2.719753646850585938e+01
8.896563529968261719e+00
1.277107429504394531e+01
9.755484580993652344e+00
9.746768951416015625e+01
4.302006912231445312e+01
1.909836006164550781e+01
1.087723731994628906e+01
9.245118713378906250e+01
9.513710021972656250e+01
4.347953033447265625e+01
2.878575515747070312e+01
9.389698028564453125e+00
9.711858749389648438e+00
5.936688613891601562e+01
9.488394737243652344e+00
6.732346343994140625e+01
9.984070587158203125e+01
8.236330986022949219e+00
7.709874153137207031e+00
2.684113311767578125e+01
2.104320526123046875e+01
6.112417221069335938e+01
8.821553230285644531e+00
1.049903392791748047e+01
1.141822147369384766e+01
3.746730041503906250e+01
8.265612602233886719e+00
1.512209606170654297e+01
1.315971565246582031e+01
8.062196731567382812e+00
2.597496414184570312e+01
8.676033973693847656e+00
1.162410449981689453e+01
1.397028446197509766e+01
1.153882789611816406e+01
3.783659744262695312e+01
1.448965263366699219e+01
1.009270477294921875e+01
5.407890319824218750e+01
1.307347011566162109e+01
1.793836212158203125e+01
7.600678253173828125e+01
1.008388233184814453e+01
1.122487926483154297e+01
1.952367782592773438e+01
2.671121215820312500e+01
8.875794410705566406e+00
9.499464035034179688e+00
9.653120994567871094e+00
7.920021533966064453e+00
9.569498062133789062e+00
9.454982757568359375e+01
1.124681701660156250e+02
2.376016807556152344e+01
9.590243339538574219e+00
3.346138381958007812e+01
1.586472606658935547e+01
8.314228820800781250e+01
2.362708282470703125e+01
1.131006622314453125e+01
1.067954444885253906e+01
1.132091045379638672e+01
8.495886230468750000e+01
8.903403472900390625e+01
9.944235801696777344e+00
2.195468139648437500e+01
7.393744945526123047e+00
1.746303367614746094e+01
2.190567779541015625e+01
9.489586830139160156e+00
1.493392753601074219e+01
1.158420944213867188e+01
1.321192626953125000e+02
9.804584503173828125e+00
9.977168083190917969e+00
1.026712799072265625e+01
1.117625961303710938e+02
1.519859504699707031e+01
1.072127628326416016e+01
2.420145797729492188e+01
2.645479393005371094e+01
1.122585010528564453e+01
9.729112625122070312e+00
1.464765930175781250e+01
7.657195091247558594e+00
7.641939544677734375e+01
3.375736236572265625e+01
3.460400772094726562e+01
9.634272003173828125e+01
1.021240615844726562e+01
9.415634918212890625e+01
1.413186359405517578e+01
7.600873565673828125e+01
5.900546646118164062e+01
1.069980010986328125e+02
9.702264404296875000e+01
1.368984317779541016e+01
9.774725914001464844e+00
1.613043022155761719e+01
8.846767425537109375e+00
1.644272994995117188e+01
1.028169918060302734e+01
2.379591751098632812e+01
3.476927566528320312e+01
7.506375122070312500e+01
1.218579769134521484e+01
1.204559898376464844e+01
1.002730636596679688e+02
1.042862224578857422e+01
7.326374816894531250e+01
1.712660026550292969e+01
9.996685981750488281e+00
4.847322845458984375e+01
8.434916496276855469e+00
3.299656677246093750e+01
1.350736522674560547e+01
5.974318695068359375e+01
2.848256111145019531e+01
8.359240531921386719e+00
9.797793388366699219e+00
1.467310619354248047e+01
2.113901901245117188e+01
9.698117256164550781e+00
1.105907154083251953e+01
5.529423522949218750e+01
1.217951965332031250e+01
1.198869247436523438e+02
8.186252593994140625e+01
9.246852874755859375e+00
1.094412040710449219e+01
1.246893405914306641e+01
1.010590362548828125e+01
7.910616874694824219e+00
1.125277900695800781e+01
1.236253643035888672e+01
8.305082321166992188e+00
2.387944221496582031e+01
2.024650001525878906e+01
1.163167762756347656e+01
9.212100028991699219e+00
8.959140777587890625e+00
1.112161064147949219e+01
9.512622833251953125e+00
5.333538436889648438e+01
1.277951526641845703e+01
6.982955932617187500e+00
2.693414878845214844e+01
2.670308113098144531e+01
1.792824363708496094e+01
1.023956871032714844e+01
6.386089324951171875e+01
6.334329986572265625e+01
8.519387245178222656e+00
1.004625778198242188e+02
1.629703330993652344e+01
8.404608726501464844e+00
9.079011917114257812e+00
3.022921752929687500e+01
1.409200286865234375e+01
6.843550872802734375e+01
1.179336643218994141e+01
8.744657516479492188e+00
1.421334457397460938e+01
1.557430934906005859e+01
1.935471725463867188e+01
8.230913543701171875e+01
1.061699981689453125e+02
8.293976783752441406e+00
1.449268054962158203e+01
8.271842002868652344e+00
3.594737243652343750e+01
7.306620025634765625e+01
1.031973457336425781e+01
8.529469490051269531e+00
4.836890029907226562e+01
7.268423461914062500e+01
8.255749702453613281e+00
9.859494209289550781e+00
1.555012035369873047e+01
7.576523590087890625e+01
1.010599441528320312e+02
9.069532394409179688e+00
1.026930046081542969e+01
4.210156250000000000e+01
8.288619995117187500e+01
1.148813724517822266e+01
3.798377990722656250e+01
8.193013000488281250e+01
3.522836303710937500e+01
8.888128280639648438e+00
1.483135890960693359e+01
9.525663375854492188e+00
9.000746726989746094e+00
2.052558135986328125e+01
1.152255935668945312e+02
1.555542182922363281e+01
5.448934936523437500e+01
7.984795093536376953e+00
3.034130477905273438e+01
1.001248455047607422e+01
1.010543441772460938e+01
8.558486938476562500e+01
9.332168579101562500e+00
4.626501846313476562e+01
2.265564155578613281e+01
4.460459518432617188e+01
1.015252590179443359e+01
4.333736801147460938e+01
1.319437599182128906e+01
4.950783538818359375e+01
9.714607238769531250e+01
9.810652732849121094e+00
8.740739440917968750e+01
5.195062637329101562e+01
7.717539978027343750e+01
9.172574996948242188e+00
1.621629905700683594e+01
1.080374450683593750e+02
7.530260562896728516e+00
4.286203765869140625e+01
1.017504405975341797e+01
1.429179382324218750e+01
5.037389373779296875e+01
3.753977584838867188e+01
2.826067352294921875e+01
1.148930644989013672e+01
5.216946029663085938e+01
9.717926025390625000e+00
7.353077888488769531e+00
4.606038665771484375e+01
2.960601234436035156e+01
1.026178550720214844e+01
1.167064743041992188e+02
1.264535999298095703e+01
9.912183761596679688e+00
8.601767539978027344e+00
8.305761337280273438e+00
1.064132404327392578e+01
1.795608711242675781e+01
9.713395118713378906e+00
8.137808799743652344e+00
1.253144645690917969e+01
1.137668514251708984e+01
5.254189682006835938e+01
2.863977432250976562e+01
8.798701286315917969e+00
1.003645896911621094e+01
1.214914321899414062e+01
9.717238426208496094e+00
7.499319458007812500e+01
7.953017711639404297e+00
1.169912815093994141e+01
5.759029769897460938e+01
1.395893859863281250e+01
9.848787307739257812e+00
1.055752277374267578e+01
7.102640533447265625e+01
8.201535224914550781e+00
1.343992424011230469e+01
9.874270439147949219e+00
1.131989192962646484e+01
9.630706787109375000e+00
8.684642028808593750e+01
8.163107872009277344e+00
8.303443908691406250e+00
8.349332427978515625e+01
1.610064125061035156e+01
1.702328300476074219e+01
1.369580268859863281e+01
1.184810829162597656e+01
1.457636833190917969e+01
1.625300025939941406e+01
1.613834953308105469e+01
3.207698059082031250e+01
8.299103546142578125e+01
9.553018951416015625e+01
7.637226867675781250e+01
8.183454513549804688e+00
9.164668083190917969e+00
8.142434692382812500e+01
9.048513412475585938e+00
1.565351486206054688e+01
1.774105834960937500e+01
3.885142135620117188e+01
9.854528808593750000e+01
1.034491348266601562e+02
9.466101646423339844e+00
1.005770015716552734e+01
9.070639801025390625e+01
1.327706050872802734e+01
6.814101219177246094e+00
9.569057464599609375e+00
9.157737731933593750e+00
1.332388591766357422e+01
8.618841171264648438e+00
1.647607421875000000e+01
8.074881744384765625e+01
8.262225151062011719e+00
1.118327426910400391e+01
1.009516048431396484e+01
1.745873641967773438e+01
3.322359848022460938e+01
2.805414962768554688e+01
8.594793319702148438e+00
8.825710296630859375e+00
2.191941642761230469e+01
6.461415100097656250e+01
7.588666439056396484e+00
8.909285545349121094e+00
1.643955039978027344e+01
7.959371948242187500e+01
8.923776245117187500e+01
1.015331649780273438e+02
9.066729736328125000e+01
1.951659965515136719e+01
9.280755043029785156e+00
1.000113677978515625e+01
2.212433052062988281e+01
1.035545120239257812e+02
1.198169231414794922e+01
6.546470642089843750e+01
3.217725372314453125e+01
4.061237335205078125e+01
8.169190979003906250e+01
3.875686264038085938e+01
8.162916183471679688e+00
7.200411224365234375e+01
8.923729705810546875e+01
6.909089088439941406e+00
9.388957214355468750e+01
1.294472122192382812e+01
9.872095108032226562e+00
8.858425140380859375e+00
3.109292411804199219e+01
8.978527069091796875e+01
8.763102531433105469e+00
9.603753089904785156e+00
1.019850540161132812e+01
7.567439079284667969e+00
8.485273361206054688e+00
1.460613822937011719e+01
1.826832199096679688e+01
2.161945533752441406e+01
2.906488037109375000e+01
5.012968826293945312e+01
8.733119964599609375e+00
9.183825683593750000e+01
2.838169288635253906e+01
9.985019683837890625e+00
1.469686412811279297e+01
1.260630989074707031e+01
1.141745090484619141e+01
9.623099327087402344e+00
1.938558769226074219e+01
1.855780220031738281e+01
9.825126647949218750e+00
1.616330337524414062e+01
2.037145614624023438e+01
1.881396102905273438e+01
6.987221527099609375e+01
6.224142837524414062e+01
4.349333572387695312e+01
1.090555095672607422e+01
2.693606758117675781e+01
7.630009460449218750e+01
1.620530128479003906e+01
1.160578536987304688e+01
9.452229499816894531e+00
8.138045310974121094e+00
3.806677246093750000e+01
9.700693511962890625e+01
1.607181167602539062e+01
3.300199127197265625e+01
5.604676055908203125e+01
6.610395812988281250e+01
5.471057510375976562e+01
8.135726928710937500e+01
1.016030025482177734e+01
1.879892539978027344e+01
9.239072799682617188e+00
9.516107559204101562e+00
4.445316314697265625e+01
1.166436672210693359e+01
2.178946495056152344e+01
1.052279376983642578e+01
4.811694717407226562e+01
9.551977539062500000e+01
1.056220817565917969e+01
1.228467750549316406e+01
7.476836395263671875e+01
2.095201492309570312e+01
4.022361755371093750e+01
7.686802864074707031e+00
8.288008689880371094e+00
6.656527709960937500e+01
1.276335620880126953e+01
7.999454498291015625e+00
1.064269351959228516e+01
2.327515602111816406e+01
2.677058982849121094e+01
6.152926254272460938e+01
9.357873916625976562e+00
4.243701934814453125e+01
9.473391532897949219e+00
2.876287078857421875e+01
2.811973762512207031e+01
8.511109352111816406e+00
8.062070465087890625e+01
9.908007049560546875e+01
8.010494995117187500e+01
2.932910919189453125e+01
1.023866844177246094e+01
1.194069194793701172e+01
9.925076293945312500e+01
1.294058513641357422e+01
1.843838310241699219e+01
5.324526214599609375e+01
7.105725860595703125e+01
5.100086212158203125e+01
1.291412925720214844e+01
8.791765213012695312e+00
9.551856994628906250e+01
7.493332672119140625e+01
1.320467185974121094e+01
8.650328826904296875e+01
3.304150390625000000e+01
1.337293434143066406e+01
1.339827823638916016e+01
8.180445861816406250e+01
9.718681335449218750e+01
1.046625995635986328e+01
2.343011283874511719e+01
4.035044860839843750e+01
1.072312164306640625e+01
1.178822517395019531e+01
1.128330326080322266e+01
1.475919628143310547e+01
7.116635894775390625e+01
1.265591812133789062e+01
1.294798564910888672e+01
1.017291736602783203e+01
7.417070770263671875e+01
1.767049026489257812e+01
1.189733123779296875e+01
8.860435485839843750e+00
3.426520538330078125e+01
7.095952987670898438e+00
7.509724426269531250e+01
7.867815971374511719e+00
9.934147644042968750e+01
9.276589393615722656e+00
3.957257843017578125e+01
9.654335784912109375e+01
2.190656471252441406e+01
1.006687927246093750e+01
1.089911651611328125e+01
9.694287872314453125e+01
1.952311325073242188e+01
4.180348205566406250e+01
1.053382873535156250e+01
7.308848381042480469e+00
5.873938751220703125e+01
1.234504699707031250e+02
1.012674617767333984e+01
7.836340427398681641e+00
1.070202350616455078e+01
9.427515029907226562e+00
1.055378055572509766e+01
4.335218811035156250e+01
1.208489227294921875e+01
5.636102294921875000e+01
6.332342910766601562e+01
1.091682434082031250e+01
6.508084869384765625e+01
3.822145462036132812e+01
2.401608657836914062e+01
1.044585800170898438e+01
1.049421501159667969e+01
1.253991794586181641e+01
6.788291168212890625e+01
7.350733184814453125e+01
5.104926300048828125e+01
9.188503265380859375e+01
4.453974533081054688e+01
9.644369506835937500e+01
1.827903938293457031e+01
3.100744247436523438e+01
7.440155029296875000e+01
8.221597290039062500e+01
1.989782142639160156e+01
4.301490020751953125e+01
6.910647583007812500e+01
9.427604675292968750e+00
1.145574665069580078e+01
5.795356750488281250e+01
4.687104415893554688e+01
6.533416748046875000e+01
7.060426235198974609e+00
1.149557971954345703e+01
2.932022476196289062e+01
8.768607139587402344e+00
4.843131256103515625e+01
1.201942634582519531e+01
6.864677429199218750e+01
1.362089157104492188e+01
7.541326141357421875e+01
1.452880859375000000e+01
4.362246322631835938e+01
6.526221466064453125e+01
6.178254318237304688e+01
1.916180610656738281e+01
1.236674308776855469e+01
2.146902656555175781e+01
2.306464576721191406e+01
8.419360351562500000e+01
1.056779670715332031e+01
7.856250000000000000e+01
8.414283752441406250e+00
3.252899932861328125e+01
1.114042186737060547e+01
1.980994606018066406e+01
8.035647583007812500e+01
8.511197090148925781e+00
8.605953216552734375e+00
1.002886867523193359e+01
2.379088592529296875e+01
2.738060951232910156e+01
5.298180007934570312e+01
8.406897544860839844e+00
9.979779243469238281e+00
7.547441959381103516e+00
2.288633918762207031e+01
9.550823211669921875e+00
9.229315757751464844e+00
1.443819999694824219e+01
8.554454803466796875e+00
6.827246093750000000e+01
7.315341186523437500e+01
4.857334136962890625e+01
2.080105209350585938e+01
9.436106109619140625e+01
6.332253646850585938e+01
1.177553081512451172e+01
8.502449989318847656e+00
1.017527198791503906e+01
7.672713470458984375e+01
1.417827606201171875e+01
5.107724761962890625e+01
7.600920867919921875e+01
6.854407501220703125e+01
1.325295639038085938e+01
1.101067829132080078e+01
1.617616081237792969e+01
7.551934814453125000e+01
2.057147216796875000e+01
1.285299682617187500e+02
2.460509872436523438e+01
8.132312011718750000e+01
9.597875595092773438e+00
7.196206092834472656e+00
2.603513717651367188e+01
8.091342163085937500e+01
2.351937675476074219e+01
1.005176639556884766e+01
1.177020072937011719e+01
7.248803710937500000e+01
8.997006416320800781e+00
6.085325241088867188e+00
1.818074226379394531e+01
2.653239250183105469e+01
7.817758178710937500e+01
1.319105243682861328e+01
1.321220588684082031e+01
5.231958389282226562e+01
7.187832641601562500e+01
1.199378776550292969e+01
1.543758678436279297e+01
3.387910842895507812e+01
1.368756866455078125e+01
1.088689422607421875e+01
1.074235248565673828e+01
9.639356994628906250e+01
6.951545238494873047e+00
8.022404479980468750e+01
9.802459716796875000e+00
7.645853042602539062e+00
9.121678352355957031e+00
9.492040634155273438e+00
7.903454589843750000e+01
1.588634014129638672e+01
1.830401611328125000e+01
2.120154190063476562e+01
1.847748947143554688e+01
8.120640754699707031e+00
7.290063476562500000e+01
1.314766693115234375e+01
4.358667373657226562e+01
9.969606018066406250e+01
1.273223342895507812e+02
2.735886573791503906e+01
9.223056030273437500e+01
8.472255706787109375e+00
2.963502502441406250e+01
3.448990249633789062e+01
1.073773193359375000e+02
1.075782241821289062e+02
1.477389335632324219e+01
9.618143463134765625e+01
8.669219017028808594e+00
1.133790397644042969e+01
4.182728576660156250e+01
9.685430145263671875e+01
1.125549221038818359e+01
7.600413799285888672e+00
9.626718139648437500e+01
1.243683052062988281e+01
8.366834640502929688e+00
4.114736938476562500e+01
9.782361030578613281e+00
9.746994972229003906e+00
1.153111839294433594e+01
8.538714408874511719e+00
4.151206588745117188e+01
2.317750930786132812e+01
3.695739746093750000e+01
9.296882629394531250e+01
1.012458992004394531e+01
5.008663558959960938e+01
6.052326202392578125e+01
1.494788837432861328e+01
2.208124542236328125e+01
2.209438705444335938e+01
8.733896255493164062e+00
1.043021011352539062e+01
1.085728836059570312e+01
5.914252471923828125e+01
6.249571609497070312e+01
1.300472640991210938e+01
9.891915321350097656e+00
1.512765407562255859e+01
9.305235862731933594e+00
9.464857101440429688e+00
8.389895629882812500e+01
9.306598663330078125e+00
1.232444953918457031e+01
2.999311256408691406e+01
4.492629241943359375e+01
1.267030906677246094e+01
9.764039039611816406e+00
1.190372753143310547e+01
1.014663219451904297e+01
7.856597423553466797e+00
2.026858139038085938e+01
1.163552188873291016e+01
9.184390068054199219e+00
9.928148651123046875e+01
7.824482440948486328e+00
5.729039764404296875e+01
7.552575683593750000e+01
8.616746902465820312e+00
9.371773529052734375e+01
1.075545692443847656e+01
1.147967529296875000e+01
7.788142204284667969e+00
1.017931556701660156e+01
5.562601089477539062e+01
8.013217163085937500e+01
6.489234161376953125e+01
5.177379989624023438e+01
8.627641677856445312e+00
1.267356014251708984e+01
6.578732490539550781e+00
9.459373474121093750e+00
1.132386875152587891e+01
8.036902427673339844e+00
1.086143207550048828e+01
6.663412475585937500e+01
1.481430435180664062e+01
1.826400375366210938e+01
1.487725257873535156e+01
5.292515563964843750e+01
