4.645724296569824219e+00
4.107999801635742188e+00
4.422507762908935547e+00
4.324615955352783203e+00
4.153084754943847656e+00
1.630012512207031250e+00
2.241019964218139648e+00
4.632369518280029297e+00
5.034039497375488281e+00
4.238151550292968750e+00
4.079260826110839844e+00
5.942462444305419922e+00
5.281592845916748047e+00
1.370412111282348633e+00
3.392446756362915039e+00
4.201622486114501953e+00
3.929026842117309570e+00
4.353378772735595703e+00
3.779373645782470703e+00
5.378410816192626953e+00
4.015971660614013672e+00
4.864385128021240234e+00
5.408183574676513672e+00
1.413685083389282227e+00
4.891816139221191406e+00
7.168510556221008301e-01
4.314147472381591797e+00
3.746240615844726562e+00
4.891162872314453125e+00
4.340504646301269531e+00
5.952239036560058594e+00
1.646668553352355957e+00
2.053673744201660156e+00
3.535038232803344727e+00
4.189054965972900391e+00
4.102157592773437500e+00
4.587696552276611328e+00
1.865818500518798828e+00
3.017191648483276367e+00
4.262180805206298828e+00
5.721322059631347656e+00
3.903553009033203125e+00
3.925559997558593750e+00
3.001228094100952148e+00
2.248085975646972656e+00
4.381893634796142578e+00
3.637459993362426758e+00
4.834486961364746094e+00
5.086694240570068359e+00
2.788221120834350586e+00
5.125113964080810547e+00
4.455434322357177734e+00
3.557147502899169922e+00
2.312965154647827148e+00
2.994853734970092773e+00
1.796148538589477539e+00
3.819952249526977539e+00
1.093026876449584961e+00
2.599562644958496094e+00
3.811855792999267578e+00
4.204197883605957031e+00
4.116930007934570312e+00
9.725536704063415527e-01
4.592134952545166016e+00
3.890871763229370117e+00
5.236700534820556641e+00
3.704386949539184570e+00
6.423939466476440430e-01
3.468642473220825195e+00
3.500674247741699219e+00
3.168622493743896484e+00
3.754125595092773438e+00
5.312178611755371094e+00
1.317456364631652832e+00
3.923123836517333984e+00
1.421154022216796875e+00
4.527410030364990234e+00
5.024730682373046875e+00
5.292819976806640625e+00
3.461824417114257812e+00
3.091861724853515625e+00
3.656497478485107422e+00
1.654764413833618164e+00
4.041309356689453125e+00
3.484785795211791992e+00
4.332363128662109375e+00
3.983712434768676758e+00
2.356846332550048828e+00
3.120208024978637695e+00
8.342856168746948242e-01
5.122268676757812500e+00
3.928715467453002930e+00
1.536509275436401367e+00
1.226920127868652344e+00
3.270274162292480469e+00
4.876309871673583984e+00
2.430173873901367188e+00
1.136399507522583008e+00
3.787299871444702148e+00
2.131144046783447266e+00
4.273671150207519531e+00
5.337612152099609375e+00
4.500308036804199219e+00
1.673217535018920898e+00
1.681170701980590820e+00
2.649460077285766602e+00
4.645738124847412109e+00
3.803096294403076172e+00
1.843883991241455078e+00
7.926306724548339844e-01
1.830148816108703613e+00
2.126100301742553711e+00
4.501456260681152344e+00
3.132370710372924805e+00
3.197838544845581055e+00
5.172681331634521484e+00
4.535038471221923828e+00
1.491427659988403320e+00
2.172992229461669922e+00
1.999073386192321777e+00
5.165115356445312500e+00
1.646852731704711914e+00
3.870032787322998047e+00
2.746895551681518555e+00
5.058337211608886719e+00
1.447133183479309082e+00
1.996351122856140137e+00
3.978439807891845703e+00
4.642029762268066406e+00
5.588647842407226562e+00
3.969282627105712891e+00
1.445471405982971191e+00
1.844771385192871094e+00
5.367247104644775391e+00
4.099803924560546875e+00
1.400560855865478516e+00
9.083026051521301270e-01
2.600044012069702148e+00
3.104979276657104492e+00
3.356966257095336914e+00
3.916755676269531250e+00
2.658975362777709961e+00
4.833120346069335938e+00
1.931026935577392578e+00
6.438818573951721191e-01
3.503940582275390625e+00
3.821249485015869141e+00
5.008869171142578125e+00
2.397932052612304688e+00
1.753476500511169434e+00
4.220322132110595703e+00
4.610734939575195312e+00
4.009745121002197266e+00
2.234891891479492188e+00
3.143237352371215820e+00
3.757452964782714844e+00
2.551819086074829102e+00
4.510941505432128906e+00
3.152377605438232422e+00
4.918578624725341797e+00
5.951198101043701172e+00
5.404525756835937500e+00
3.603663206100463867e+00
4.767365455627441406e+00
5.249699115753173828e+00
4.404275894165039062e+00
3.974792003631591797e+00
4.051553726196289062e+00
4.109824180603027344e+00
1.780519723892211914e+00
4.155342102050781250e+00
4.414339542388916016e+00
4.408380985260009766e+00
2.695895910263061523e+00
3.828088998794555664e+00
4.649768829345703125e+00
3.465703487396240234e+00
3.813360452651977539e+00
4.825294494628906250e+00
1.593256354331970215e+00
3.720681428909301758e+00
7.838943004608154297e+00
4.096159458160400391e+00
3.318609237670898438e+00
3.747714042663574219e+00
1.306059002876281738e+00
2.014186382293701172e+00
4.953564167022705078e+00
4.345995903015136719e+00
4.472306251525878906e+00
2.309046745300292969e+00
8.099189996719360352e-01
3.919120550155639648e+00
2.299136161804199219e+00
4.019857406616210938e+00
6.390253543853759766e+00
6.143427371978759766e+00
4.537801265716552734e+00
3.845134258270263672e+00
3.730360031127929688e+00
1.267876863479614258e+00
5.450566291809082031e+00
4.923402786254882812e+00
4.424424171447753906e+00
1.480991601943969727e+00
5.678582668304443359e+00
4.864339828491210938e+00
6.447897434234619141e+00
3.444326400756835938e+00
4.106050014495849609e+00
3.680971860885620117e+00
4.127188205718994141e+00
3.985059976577758789e+00
1.171474337577819824e+00
3.886212110519409180e+00
2.017163515090942383e+00
6.711851358413696289e-01
3.743749856948852539e+00
1.436232686042785645e+00
4.945407867431640625e+00
1.615704655647277832e+00
3.194295883178710938e+00
1.687523961067199707e+00
2.148847103118896484e+00
5.013680458068847656e+00
3.895630359649658203e+00
4.729261398315429688e+00
4.324977397918701172e+00
3.530208826065063477e+00
5.518577575683593750e+00
2.528372287750244141e+00
2.365903377532958984e+00
1.477937698364257812e+00
5.001403331756591797e+00
3.785557746887207031e+00
1.148860931396484375e+00
3.854810953140258789e+00
8.531462550163269043e-01
2.218391656875610352e+00
4.701488018035888672e+00
6.758915424346923828e+00
5.032228469848632812e+00
2.823800802230834961e+00
4.491878509521484375e+00
1.254390835762023926e+00
2.459904432296752930e+00
3.674468994140625000e+00
4.208833217620849609e+00
4.117652416229248047e+00
3.006241798400878906e+00
5.033916473388671875e+00
3.752752304077148438e+00
2.144641637802124023e+00
5.467364788055419922e+00
1.317912697792053223e+00
1.772172570228576660e+00
5.313200473785400391e+00
4.943320274353027344e+00
5.232195854187011719e+00
4.144132137298583984e+00
3.687931060791015625e+00
5.946529388427734375e+00
4.503695964813232422e+00
4.146371841430664062e+00
5.858314514160156250e+00
2.004991769790649414e+00
3.667250394821166992e+00
3.762150764465332031e+00
4.049096107482910156e+00
3.952593564987182617e+00
4.474253654479980469e+00
1.948083400726318359e+00
3.800859212875366211e+00
4.043823242187500000e+00
1.999103069305419922e+00
5.858480930328369141e+00
4.658429145812988281e+00
4.154898166656494141e+00
2.002093315124511719e+00
1.368361711502075195e+00
3.282491207122802734e+00
2.620844841003417969e+00
5.359861373901367188e+00
4.145818233489990234e+00
3.231585741043090820e+00
2.292600870132446289e+00
3.687303066253662109e+00
1.382453918457031250e+00
4.523653984069824219e+00
4.389731884002685547e+00
2.798379659652709961e+00
3.709782600402832031e+00
4.321800708770751953e+00
1.008677482604980469e+00
2.138444185256958008e+00
2.793396949768066406e+00
5.474157810211181641e+00
4.093997001647949219e+00
1.805617094039916992e+00
1.634972572326660156e+00
4.715261459350585938e+00
4.816581726074218750e+00
1.748229980468750000e+00
1.409790158271789551e+00
5.205561161041259766e+00
5.388194561004638672e+00
4.671659946441650391e+00
3.464317798614501953e+00
2.077204704284667969e+00
4.904700756072998047e+00
5.975836753845214844e+00
2.486204147338867188e+00
1.402898788452148438e+00
5.141306877136230469e+00
3.692260742187500000e+00
3.617364406585693359e+00
2.313066244125366211e+00
5.690751075744628906e+00
4.021784782409667969e+00
4.149652481079101562e+00
4.257277488708496094e+00
5.154273509979248047e+00
3.223890542984008789e+00
4.915864944458007812e+00
1.729766368865966797e+00
4.588610172271728516e+00
3.201694011688232422e+00
4.967980384826660156e+00
3.814402341842651367e+00
1.588196635246276855e+00
3.627613544464111328e+00
4.726902008056640625e+00
2.502260446548461914e+00
1.658370256423950195e+00
3.348521471023559570e+00
5.084689140319824219e+00
7.567277908325195312e+00
1.512809514999389648e+00
1.559209465980529785e+00
4.195155143737792969e+00
2.275322675704956055e+00
2.708468437194824219e+00
1.357643246650695801e+00
3.778999805450439453e+00
4.917488098144531250e+00
1.570783972740173340e+00
3.983652353286743164e+00
3.934479951858520508e+00
4.870720863342285156e+00
4.784284591674804688e+00
2.286998271942138672e+00
2.550542593002319336e+00
4.936563014984130859e+00
4.240785598754882812e+00
3.285526752471923828e+00
4.357430458068847656e+00
3.458786725997924805e+00
1.877545714378356934e+00
3.817875623703002930e+00
4.859013080596923828e+00
2.631409406661987305e+00
4.592086315155029297e+00
3.777941226959228516e+00
3.827163219451904297e+00
4.497508049011230469e+00
4.733900070190429688e+00
4.014068603515625000e+00
4.792876720428466797e+00
4.721826553344726562e+00
5.767232418060302734e+00
4.763252735137939453e+00
1.540828227996826172e+00
2.910067558288574219e+00
3.245985746383666992e+00
4.313486576080322266e+00
3.780238151550292969e+00
4.186670780181884766e+00
3.045260190963745117e+00
3.794768571853637695e+00
3.975051403045654297e+00
1.830991744995117188e+00
2.964800596237182617e+00
5.615091800689697266e+00
5.181846141815185547e+00
1.630239009857177734e+00
3.861125707626342773e+00
4.043012142181396484e+00
3.144323110580444336e+00
4.185516357421875000e+00
5.197690486907958984e+00
1.578684329986572266e+00
4.418099880218505859e+00
4.106855392456054688e+00
2.069804668426513672e+00
2.751162528991699219e+00
4.379642009735107422e+00
5.329967021942138672e+00
4.379873275756835938e+00
3.544853925704956055e+00
3.102010250091552734e+00
3.900211334228515625e+00
2.826408624649047852e+00
2.424062490463256836e+00
1.512026071548461914e+00
1.258530139923095703e+00
3.210822105407714844e+00
4.195372104644775391e+00
1.300335764884948730e+00
4.117529869079589844e+00
3.601478099822998047e+00
3.376228094100952148e+00
2.892571687698364258e+00
6.432639360427856445e-01
1.743148446083068848e+00
4.317077159881591797e+00
5.758323192596435547e+00
1.077120065689086914e+00
5.406649112701416016e+00
4.330116271972656250e+00
4.189894199371337891e+00
4.073030471801757812e+00
4.135084152221679688e+00
1.713652133941650391e+00
4.230723381042480469e+00
1.666885495185852051e+00
5.439533233642578125e+00
4.488324165344238281e+00
3.829719543457031250e+00
3.084945201873779297e+00
1.723493337631225586e+00
3.427433490753173828e+00
3.956467866897583008e+00
3.913289308547973633e+00
7.282760620117187500e+00
2.582552194595336914e+00
2.998852729797363281e+00
3.692349195480346680e+00
3.021171331405639648e+00
1.163644433021545410e+00
1.003535389900207520e+00
2.172968149185180664e+00
1.431759476661682129e+00
3.320676803588867188e+00
4.348002910614013672e+00
3.954571008682250977e+00
2.268122673034667969e+00
1.981007933616638184e+00
4.546186923980712891e+00
1.807685136795043945e+00
3.728908538818359375e+00
1.616127252578735352e+00
1.276275634765625000e+00
1.720067381858825684e+00
3.548566341400146484e+00
1.864898443222045898e+00
1.186414003372192383e+00
4.274845600128173828e+00
1.618394613265991211e+00
3.825685739517211914e+00
5.015721797943115234e+00
3.979017972946166992e+00
3.050135850906372070e+00
6.991552710533142090e-01
4.613504409790039062e+00
3.763712406158447266e+00
3.107133626937866211e+00
3.066320419311523438e+00
3.675866603851318359e+00
5.008378028869628906e+00
4.746398448944091797e+00
2.482501029968261719e+00
2.212015867233276367e+00
3.622285127639770508e+00
5.382492065429687500e+00
1.460360407829284668e+00
3.719676017761230469e+00
3.882588148117065430e+00
5.833906173706054688e+00
5.337619304656982422e+00
4.102850914001464844e+00
3.929418563842773438e+00
3.879935503005981445e+00
4.483102798461914062e+00
4.817795753479003906e+00
5.261527061462402344e+00
4.060867786407470703e+00
2.593152523040771484e+00
3.483924865722656250e+00
5.465408325195312500e+00
1.771865010261535645e+00
4.266371726989746094e+00
2.687649250030517578e+00
1.414253234863281250e+00
5.002601623535156250e+00
3.174692869186401367e+00
4.503317832946777344e+00
3.700380802154541016e+00
2.540840864181518555e+00
1.749021053314208984e+00
3.898107051849365234e+00
5.307774066925048828e+00
1.569113969802856445e+00
2.785156488418579102e+00
1.616309285163879395e+00
1.271495699882507324e+00
4.000375747680664062e+00
3.101103544235229492e+00
3.716365814208984375e+00
5.198305130004882812e+00
7.045517921447753906e+00
5.315453529357910156e+00
4.601917743682861328e+00
4.335606098175048828e+00
2.338679313659667969e+00
1.231091380119323730e+00
5.655396938323974609e+00
4.483387470245361328e+00
1.732249736785888672e+00
3.791446685791015625e+00
2.127410173416137695e+00
3.762205362319946289e+00
3.581349849700927734e+00
3.847562074661254883e+00
6.080243110656738281e+00
3.719274997711181641e+00
3.190721511840820312e+00
4.155910015106201172e+00
4.366759777069091797e+00
2.004426240921020508e+00
4.918705463409423828e+00
2.460603952407836914e+00
4.485499382019042969e+00
2.179379224777221680e+00
2.348990440368652344e+00
4.986952304840087891e+00
2.268724441528320312e+00
1.263793110847473145e+00
1.118994832038879395e+00
3.971673250198364258e+00
4.105205059051513672e+00
3.495755672454833984e+00
3.114400625228881836e+00
5.255461692810058594e+00
2.420757532119750977e+00
2.514401435852050781e+00
2.236022949218750000e+00
2.751174211502075195e+00
4.549198150634765625e+00
4.007462501525878906e+00
1.278654098510742188e+00
1.851736664772033691e+00
4.637292861938476562e+00
1.466275691986083984e+00
2.210390567779541016e+00
3.945074796676635742e+00
3.577091693878173828e+00
1.928161501884460449e+00
9.322453737258911133e-01
4.831372737884521484e+00
1.984088182449340820e+00
2.163180112838745117e+00
3.253296852111816406e+00
3.924225568771362305e+00
4.659507751464843750e+00
4.117462635040283203e+00
2.959519147872924805e+00
4.837612152099609375e+00
4.475780487060546875e+00
5.005194664001464844e+00
2.070920705795288086e+00
4.916900634765625000e+00
3.598287105560302734e+00
4.320458412170410156e+00
4.379374027252197266e+00
3.921917915344238281e+00
1.976736068725585938e+00
3.921199083328247070e+00
1.453791022300720215e+00
4.450372219085693359e+00
1.961270213127136230e+00
1.354173541069030762e+00
2.913210153579711914e+00
2.575390815734863281e+00
3.941488981246948242e+00
1.276041626930236816e+00
3.741786718368530273e+00
5.895108222961425781e+00
4.893601417541503906e+00
3.497839689254760742e+00
1.856235265731811523e+00
2.361729621887207031e+00
4.566795349121093750e+00
3.640816211700439453e+00
4.518699645996093750e+00
3.261418819427490234e+00
3.782831907272338867e+00
1.989204287528991699e+00
4.297549724578857422e+00
2.315561771392822266e+00
1.362716913223266602e+00
5.160798549652099609e+00
2.722247123718261719e+00
1.516427755355834961e+00
4.337141513824462891e+00
4.550775527954101562e+00
4.193672657012939453e+00
4.208546638488769531e+00
2.039761781692504883e+00
1.399334788322448730e+00
2.417841434478759766e+00
2.107336521148681641e+00
2.504176855087280273e+00
1.042566537857055664e+00
1.894184947013854980e+00
1.545868277549743652e+00
1.712304592132568359e+00
1.832435846328735352e+00
4.987218856811523438e+00
2.607351779937744141e+00
1.811891317367553711e+00
4.567057609558105469e+00
4.794578552246093750e+00
1.605487346649169922e+00
1.704305052757263184e+00
2.275856494903564453e+00
3.930358409881591797e+00
5.023697376251220703e+00
4.400766849517822266e+00
3.658757686614990234e+00
1.782305836677551270e+00
3.381275415420532227e+00
1.512143492698669434e+00
3.784935951232910156e+00
1.423000097274780273e+00
3.976704597473144531e+00
1.735500693321228027e+00
2.029459238052368164e+00
2.815201759338378906e+00
4.204392433166503906e+00
5.302609443664550781e+00
4.371060371398925781e+00
1.855706810951232910e+00
1.470208525657653809e+00
2.791215896606445312e+00
1.506263494491577148e+00
3.519171714782714844e+00
3.470395565032958984e+00
3.932971715927124023e+00
5.354177951812744141e+00
9.576515555381774902e-01
3.207982063293457031e+00
3.240977287292480469e+00
3.833485126495361328e+00
2.111027240753173828e+00
2.428518772125244141e+00
1.666060447692871094e+00
3.931169509887695312e+00
3.652369022369384766e+00
3.320399522781372070e+00
2.325063705444335938e+00
3.685774087905883789e+00
4.143047332763671875e+00
4.542891979217529297e+00
3.984480857849121094e+00
1.580290436744689941e+00
1.830958127975463867e+00
4.350945949554443359e+00
3.243262052536010742e+00
1.647140979766845703e+00
1.211826801300048828e+00
4.751245975494384766e+00
5.024354457855224609e+00
4.435775756835937500e+00
2.505395412445068359e+00
3.271156072616577148e+00
4.974191188812255859e+00
3.830723762512207031e+00
1.698275208473205566e+00
5.106385707855224609e+00
3.872165918350219727e+00
4.718919277191162109e+00
1.287714362144470215e+00
4.800891876220703125e+00
1.251636862754821777e+00
1.636847257614135742e+00
2.403839111328125000e+00
3.867135047912597656e+00
4.167728900909423828e+00
5.566848278045654297e+00
1.032494544982910156e+00
2.328838109970092773e+00
4.532793045043945312e+00
5.035993576049804688e+00
1.376101374626159668e+00
3.732758045196533203e+00
3.471684217453002930e+00
4.544397354125976562e+00
4.414075851440429688e+00
1.854593515396118164e+00
4.375174999237060547e+00
5.862042903900146484e+00
1.628844141960144043e+00
1.309229612350463867e+00
4.202968597412109375e+00
3.896316289901733398e+00
2.141123056411743164e+00
4.854588508605957031e+00
4.853562355041503906e+00
4.892653942108154297e+00
1.370331764221191406e+00
3.450232744216918945e+00
1.215040802955627441e+00
4.253945827484130859e+00
3.740230798721313477e+00
3.996798276901245117e+00
3.702101469039916992e+00
1.139098644256591797e+00
2.469233751296997070e+00
2.195165157318115234e+00
3.262530803680419922e+00
5.193394184112548828e+00
3.826786518096923828e+00
1.451676368713378906e+00
3.852099895477294922e+00
1.695038437843322754e+00
1.681996464729309082e+00
2.367935180664062500e+00
5.284358501434326172e+00
1.275165915489196777e+00
3.873846292495727539e+00
5.693890571594238281e+00
2.566458463668823242e+00
3.024461984634399414e+00
1.307404279708862305e+00
2.136598587036132812e+00
1.565290331840515137e+00
4.120398998260498047e+00
5.133619308471679688e+00
1.678710341453552246e+00
1.082609176635742188e+00
4.604652881622314453e+00
3.564939737319946289e+00
5.484906673431396484e+00
5.372168540954589844e+00
4.756048202514648438e+00
2.494893312454223633e+00
4.321310520172119141e+00
3.734723329544067383e+00
4.997274398803710938e+00
4.416085720062255859e+00
2.498358249664306641e+00
3.570433616638183594e+00
2.196803092956542969e+00
3.023917198181152344e+00
4.015222072601318359e+00
1.870857238769531250e+00
2.835211038589477539e+00
4.943035602569580078e+00
4.523266315460205078e+00
2.732192993164062500e+00
4.469925880432128906e+00
5.238644599914550781e+00
4.586321830749511719e+00
1.151126503944396973e+00
1.546680450439453125e+00
4.216378211975097656e+00
4.832389354705810547e+00
5.598615646362304688e+00
4.541154384613037109e+00
3.393035173416137695e+00
1.304500102996826172e+00
3.704103708267211914e+00
4.958334922790527344e+00
3.805697441101074219e+00
1.668985843658447266e+00
4.900619983673095703e+00
3.467953920364379883e+00
3.390062332153320312e+00
3.928273439407348633e+00
4.456418514251708984e+00
5.705544948577880859e+00
4.506962299346923828e+00
5.134293556213378906e+00
1.883170247077941895e+00
3.373364686965942383e+00
2.206753969192504883e+00
1.080920338630676270e+00
4.261593818664550781e+00
2.168133497238159180e+00
5.021546363830566406e+00
3.572915077209472656e+00
2.883796215057373047e+00
4.290514945983886719e+00
2.514495849609375000e+00
3.438470125198364258e+00
1.194364070892333984e+00
1.889260888099670410e+00
4.523498535156250000e+00
4.601465225219726562e+00
3.196864843368530273e+00
3.761532783508300781e+00
3.465257406234741211e+00
3.853181838989257812e+00
3.794824838638305664e+00
2.662126541137695312e+00
3.956136941909790039e+00
3.242052078247070312e+00
2.833077430725097656e+00
2.574439287185668945e+00
