1.117448210716247559e-01
1.053223982453346252e-01
9.206622093915939331e-02
9.590271860361099243e-02
8.648003637790679932e-02
9.429212659597396851e-02
1.079783141613006592e-01
1.175110414624214172e-01
1.201787814497947693e-01
1.021143794059753418e-01
1.001136079430580139e-01
1.026348248124122620e-01
1.423242837190628052e-01
1.208840534090995789e-01
1.135940402746200562e-01
1.041150614619255066e-01
9.710577130317687988e-02
1.217805147171020508e-01
1.027495786547660828e-01
9.594088047742843628e-02
9.494996070861816406e-02
1.247809380292892456e-01
1.029091551899909973e-01
9.572990983724594116e-02
9.017566591501235962e-02
7.534002512693405151e-02
9.160164743661880493e-02
1.133235916495323181e-01
1.118514165282249451e-01
1.035951003432273865e-01
1.063987612724304199e-01
9.727203100919723511e-02
1.075451374053955078e-01
9.747198969125747681e-02
1.112702861428260803e-01
9.461378306150436401e-02
1.025044918060302734e-01
1.128138899803161621e-01
8.112233877182006836e-02
8.269404619932174683e-02
9.022807329893112183e-02
1.177552193403244019e-01
9.002077579498291016e-02
1.093657910823822021e-01
1.016209349036216736e-01
1.181840077042579651e-01
8.905158191919326782e-02
1.037760004401206970e-01
9.656092524528503418e-02
8.904246240854263306e-02
9.570571035146713257e-02
8.298219740390777588e-02
8.051402866840362549e-02
9.900387376546859741e-02
1.136229708790779114e-01
6.862548738718032837e-02
1.032847613096237183e-01
9.091266989707946777e-02
1.055559292435646057e-01
1.010179668664932251e-01
9.772224724292755127e-02
9.602323919534683228e-02
7.067473977804183960e-02
8.720099180936813354e-02
8.236199617385864258e-02
9.117121249437332153e-02
9.880172461271286011e-02
8.090806007385253906e-02
9.125704318284988403e-02
1.269525587558746338e-01
1.012126207351684570e-01
8.509259670972824097e-02
9.980737417936325073e-02
1.019914299249649048e-01
1.005359068512916565e-01
7.942763715982437134e-02
8.664594590663909912e-02
9.764835983514785767e-02
9.514396637678146362e-02
9.298285841941833496e-02
1.028333604335784912e-01
9.009721130132675171e-02
7.665055245161056519e-02
8.030496537685394287e-02
8.423205465078353882e-02
9.653832763433456421e-02
9.193435311317443848e-02
5.092409998178482056e-02
8.616613596677780151e-02
8.844818919897079468e-02
9.915304929018020630e-02
1.030504405498504639e-01
7.283502072095870972e-02
1.076471135020256042e-01
8.302846550941467285e-02
1.129418164491653442e-01
8.147174865007400513e-02
8.232576400041580200e-02
1.162558346986770630e-01
8.826468884944915771e-02
1.504050493240356445e-01
1.061974614858627319e-01
1.018774285912513733e-01
6.459755450487136841e-02
9.654909372329711914e-02
7.501360028982162476e-02
9.386032074689865112e-02
1.074518784880638123e-01
1.053386554121971130e-01
8.420036733150482178e-02
6.260331720113754272e-02
1.107536926865577698e-01
9.660671651363372803e-02
1.066517084836959839e-01
1.018090918660163879e-01
1.052809506654739380e-01
1.041755601763725281e-01
8.553747832775115967e-02
7.721810042858123779e-02
8.441840857267379761e-02
9.040284901857376099e-02
1.221510246396064758e-01
9.540506452322006226e-02
1.168622523546218872e-01
8.769661933183670044e-02
8.004501461982727051e-02
9.035822749137878418e-02
9.727238863706588745e-02
1.083725839853286743e-01
1.005616858601570129e-01
1.041332483291625977e-01
9.996286034584045410e-02
7.968166470527648926e-02
9.425448626279830933e-02
1.193756833672523499e-01
8.640887588262557983e-02
7.446405291557312012e-02
7.132462412118911743e-02
1.000736877322196960e-01
8.689355850219726562e-02
8.450215309858322144e-02
8.088586479425430298e-02
1.137433573603630066e-01
7.543645799160003662e-02
1.162236779928207397e-01
9.691573679447174072e-02
9.539137035608291626e-02
1.212373375892639160e-01
8.944001048803329468e-02
6.262685358524322510e-02
8.514765650033950806e-02
8.455615490674972534e-02
9.790257364511489868e-02
9.427519142627716064e-02
8.281255513429641724e-02
1.305539757013320923e-01
8.473432064056396484e-02
1.002874821424484253e-01
6.749915331602096558e-02
9.286612272262573242e-02
9.357526898384094238e-02
1.064955517649650574e-01
9.341765195131301880e-02
1.026100665330886841e-01
9.379941225051879883e-02
1.214292198419570923e-01
8.038811385631561279e-02
8.815272897481918335e-02
8.171360939741134644e-02
6.758087873458862305e-02
8.506031334400177002e-02
1.037276685237884521e-01
1.041971445083618164e-01
1.021144241094589233e-01
1.022196784615516663e-01
8.908557891845703125e-02
9.855759143829345703e-02
8.866240084171295166e-02
9.863856434822082520e-02
1.028379648923873901e-01
7.889830321073532104e-02
1.100494116544723511e-01
1.005398631095886230e-01
8.793482184410095215e-02
9.717978537082672119e-02
1.007538884878158569e-01
1.023453027009963989e-01
1.139968931674957275e-01
9.980089217424392700e-02
1.050837486982345581e-01
1.008595824241638184e-01
8.370807021856307983e-02
1.319894492626190186e-01
1.006519272923469543e-01
8.876504004001617432e-02
1.089262440800666809e-01
1.273809522390365601e-01
1.143983602523803711e-01
8.139619231224060059e-02
8.159148693084716797e-02
8.586600422859191895e-02
8.399266004562377930e-02
9.972523897886276245e-02
9.380725026130676270e-02
9.969313442707061768e-02
1.124425977468490601e-01
8.919903635978698730e-02
1.202010959386825562e-01
8.913887292146682739e-02
7.778127491474151611e-02
9.208472073078155518e-02
8.521737158298492432e-02
1.127107664942741394e-01
6.756643950939178467e-02
8.408354222774505615e-02
7.064050436019897461e-02
1.094197332859039307e-01
9.668456763029098511e-02
8.506474643945693970e-02
1.078797578811645508e-01
1.001458987593650818e-01
8.000909537076950073e-02
7.221501320600509644e-02
1.026846915483474731e-01
1.012939140200614929e-01
1.092715933918952942e-01
1.101656928658485413e-01
1.024864464998245239e-01
7.426822930574417114e-02
1.079797595739364624e-01
1.109722629189491272e-01
7.211240381002426147e-02
8.700770139694213867e-02
8.587933331727981567e-02
1.224255487322807312e-01
8.256518095731735229e-02
9.592140465974807739e-02
6.061984598636627197e-02
6.719867885112762451e-02
8.928217738866806030e-02
1.118720769882202148e-01
1.140666007995605469e-01
1.113742291927337646e-01
1.303455829620361328e-01
9.032132476568222046e-02
5.994886904954910278e-02
9.016434103250503540e-02
1.006043255329132080e-01
8.910767734050750732e-02
7.500431686639785767e-02
1.074439436197280884e-01
9.356842935085296631e-02
7.832825183868408203e-02
1.100284755229949951e-01
8.324111253023147583e-02
8.964408189058303833e-02
9.592229872941970825e-02
9.614688158035278320e-02
8.538001775741577148e-02
1.086359843611717224e-01
8.340182900428771973e-02
1.336267590522766113e-01
1.117634773254394531e-01
1.075853258371353149e-01
1.211026310920715332e-01
6.606769561767578125e-02
9.744491428136825562e-02
1.017581671476364136e-01
8.539260923862457275e-02
1.079801395535469055e-01
1.124874502420425415e-01
6.612696498632431030e-02
1.107984557747840881e-01
1.067439317703247070e-01
9.266004711389541626e-02
1.015544459223747253e-01
8.401837199926376343e-02
1.003689765930175781e-01
7.615176588296890259e-02
7.962441444396972656e-02
9.883127361536026001e-02
7.966729253530502319e-02
1.015786975622177124e-01
1.047067567706108093e-01
9.275629371404647827e-02
5.523375794291496277e-02
8.025556802749633789e-02
1.128067225217819214e-01
9.489841759204864502e-02
1.068709716200828552e-01
6.475073844194412231e-02
1.272264569997787476e-01
1.131758987903594971e-01
6.086662411689758301e-02
8.340396732091903687e-02
7.209451496601104736e-02
8.649569004774093628e-02
9.956839680671691895e-02
9.193845838308334351e-02
8.187618106603622437e-02
9.085750579833984375e-02
1.129508987069129944e-01
7.186789065599441528e-02
9.247310459613800049e-02
9.734572470188140869e-02
1.091441959142684937e-01
1.095758527517318726e-01
7.697568833827972412e-02
9.654863178730010986e-02
1.072275340557098389e-01
1.025079712271690369e-01
9.737561643123626709e-02
7.597754150629043579e-02
1.059097498655319214e-01
9.150581806898117065e-02
9.601164609193801880e-02
9.197926521301269531e-02
9.828546643257141113e-02
8.971129357814788818e-02
7.949952036142349243e-02
1.055726632475852966e-01
7.366123795509338379e-02
8.737406879663467407e-02
7.003044337034225464e-02
5.325540527701377869e-02
1.189018040895462036e-01
6.535398215055465698e-02
1.141092255711555481e-01
1.031961292028427124e-01
1.260810792446136475e-01
1.048269271850585938e-01
1.104882210493087769e-01
8.069695532321929932e-02
7.905534654855728149e-02
8.769207447767257690e-02
8.474656939506530762e-02
1.088451966643333435e-01
7.099308818578720093e-02
7.947787642478942871e-02
1.130534783005714417e-01
7.916090637445449829e-02
7.789134979248046875e-02
7.765500247478485107e-02
8.597626537084579468e-02
7.600362598896026611e-02
1.081404983997344971e-01
8.967486023902893066e-02
8.396480232477188110e-02
1.023324802517890930e-01
9.158983826637268066e-02
9.206346422433853149e-02
9.534613043069839478e-02
8.473678678274154663e-02
1.083531379699707031e-01
1.052710041403770447e-01
1.088599190115928650e-01
9.769392013549804688e-02
7.590565830469131470e-02
9.982950985431671143e-02
1.138925775885581970e-01
1.069443002343177795e-01
8.215430378913879395e-02
1.050354689359664917e-01
9.405485540628433228e-02
1.090650111436843872e-01
1.164041683077812195e-01
9.028828889131546021e-02
9.690470993518829346e-02
1.135188564658164978e-01
1.659809947013854980e-01
1.036707237362861633e-01
6.279441714286804199e-02
9.118697047233581543e-02
1.052367612719535828e-01
1.071618497371673584e-01
9.709659963846206665e-02
1.098100915551185608e-01
1.453588604927062988e-01
1.080788895487785339e-01
8.715988695621490479e-02
9.569168090820312500e-02
1.069753915071487427e-01
1.625153273344039917e-01
1.071951910853385925e-01
9.575591981410980225e-02
1.053049266338348389e-01
9.240511059761047363e-02
8.327956497669219971e-02
1.086490452289581299e-01
9.780590236186981201e-02
8.506712317466735840e-02
1.001260355114936829e-01
8.889615535736083984e-02
9.275171905755996704e-02
9.365508705377578735e-02
9.569964557886123657e-02
1.028447374701499939e-01
8.743125945329666138e-02
1.155960187315940857e-01
9.859312325716018677e-02
8.925705403089523315e-02
1.109402775764465332e-01
1.098627671599388123e-01
7.545934617519378662e-02
6.559944897890090942e-02
1.071580275893211365e-01
1.187685877084732056e-01
7.611051201820373535e-02
9.567023813724517822e-02
1.109393537044525146e-01
1.164315119385719299e-01
6.230834126472473145e-02
7.945467531681060791e-02
1.008959263563156128e-01
8.279329538345336914e-02
1.062945276498794556e-01
9.317441284656524658e-02
1.354868859052658081e-01
1.130291447043418884e-01
8.919876813888549805e-02
9.297285228967666626e-02
9.154850989580154419e-02
7.730700820684432983e-02
1.017413213849067688e-01
6.256844848394393921e-02
1.230231523513793945e-01
1.131024882197380066e-01
9.046711027622222900e-02
8.005510270595550537e-02
1.049810796976089478e-01
7.813712209463119507e-02
1.311211884021759033e-01
1.117161586880683899e-01
1.253060102462768555e-01
9.586982429027557373e-02
9.503602236509323120e-02
9.454166144132614136e-02
1.011944338679313660e-01
6.084664911031723022e-02
9.489822387695312500e-02
9.056681394577026367e-02
9.850785881280899048e-02
1.164954453706741333e-01
1.066750958561897278e-01
1.153398901224136353e-01
8.410495519638061523e-02
1.137563809752464294e-01
8.321662247180938721e-02
8.888202160596847534e-02
1.080987751483917236e-01
8.419551700353622437e-02
7.865280658006668091e-02
8.934710174798965454e-02
1.042039617896080017e-01
9.836440533399581909e-02
8.065535128116607666e-02
8.958961814641952515e-02
1.244011223316192627e-01
7.653417438268661499e-02
1.117896959185600281e-01
1.098025143146514893e-01
8.348740637302398682e-02
8.720961958169937134e-02
1.033088490366935730e-01
1.020808294415473938e-01
9.758955240249633789e-02
9.410872310400009155e-02
8.566927164793014526e-02
1.132260486483573914e-01
8.718981593847274780e-02
9.151780605316162109e-02
9.818891435861587524e-02
1.194515377283096313e-01
1.286391168832778931e-01
8.642750233411788940e-02
9.855243563652038574e-02
8.508899062871932983e-02
1.264694482088088989e-01
9.561122953891754150e-02
8.699622750282287598e-02
1.065473333001136780e-01
7.676503807306289673e-02
1.010492518544197083e-01
9.362404793500900269e-02
1.051523685455322266e-01
1.085393130779266357e-01
8.649317175149917603e-02
8.187635242938995361e-02
8.790707588195800781e-02
7.741550356149673462e-02
1.000033691525459290e-01
7.878986001014709473e-02
8.155590295791625977e-02
8.128234744071960449e-02
8.568336814641952515e-02
9.955904632806777954e-02
1.130016818642616272e-01
1.020845770835876465e-01
9.165226668119430542e-02
1.021602973341941833e-01
6.895346194505691528e-02
6.967433542013168335e-02
7.408530265092849731e-02
6.420186907052993774e-02
1.249118149280548096e-01
9.831197559833526611e-02
6.659849733114242554e-02
1.031420156359672546e-01
1.025616154074668884e-01
1.199438720941543579e-01
8.706822246313095093e-02
1.064775735139846802e-01
9.610472619533538818e-02
8.348602056503295898e-02
9.866305440664291382e-02
1.239608228206634521e-01
9.297471493482589722e-02
9.112840145826339722e-02
9.898730367422103882e-02
6.703288108110427856e-02
9.862147271633148193e-02
9.541581571102142334e-02
9.475746750831604004e-02
1.047544628381729126e-01
1.005880981683731079e-01
1.077707037329673767e-01
9.369858354330062866e-02
1.152326539158821106e-01
8.272212743759155273e-02
1.081301942467689514e-01
1.293980777263641357e-01
1.003609225153923035e-01
6.005307286977767944e-02
8.051238954067230225e-02
1.132375970482826233e-01
1.038168892264366150e-01
9.327403455972671509e-02
1.060290858149528503e-01
1.081596165895462036e-01
1.016477122902870178e-01
1.045257821679115295e-01
1.225097626447677612e-01
1.018230095505714417e-01
7.820297032594680786e-02
9.379038959741592407e-02
1.353423595428466797e-01
8.953857421875000000e-02
9.042522311210632324e-02
9.511078894138336182e-02
1.123436465859413147e-01
8.291381597518920898e-02
1.048298701643943787e-01
1.143072620034217834e-01
7.323016971349716187e-02
6.843060255050659180e-02
8.448041975498199463e-02
7.775199413299560547e-02
6.277187168598175049e-02
1.231208592653274536e-01
5.318079516291618347e-02
8.269831538200378418e-02
9.553645551204681396e-02
9.921039640903472900e-02
1.115245297551155090e-01
7.980066537857055664e-02
1.045561954379081726e-01
9.066318720579147339e-02
9.337116777896881104e-02
1.056341901421546936e-01
8.267625421285629272e-02
1.089682802557945251e-01
1.345614045858383179e-01
1.071243360638618469e-01
1.080472990870475769e-01
9.732324630022048950e-02
8.680678904056549072e-02
1.068574339151382446e-01
7.169706374406814575e-02
9.487219154834747314e-02
9.180015325546264648e-02
6.408223509788513184e-02
8.533380180597305298e-02
1.088648810982704163e-01
1.099662333726882935e-01
4.539062455296516418e-02
8.536592870950698853e-02
8.850505948066711426e-02
1.108953431248664856e-01
9.812387079000473022e-02
6.878960132598876953e-02
1.023036614060401917e-01
1.017999127507209778e-01
1.183787062764167786e-01
9.148713201284408569e-02
8.351549506187438965e-02
1.037860065698623657e-01
7.615219801664352417e-02
1.078616827726364136e-01
8.580642938613891602e-02
5.207600072026252747e-02
9.799705445766448975e-02
6.570249795913696289e-02
4.886442795395851135e-02
1.038029789924621582e-01
9.696930646896362305e-02
1.057978495955467224e-01
8.792648464441299438e-02
5.189313739538192749e-02
6.599296629428863525e-02
7.464203983545303345e-02
9.918355196714401245e-02
1.042536124587059021e-01
9.627594053745269775e-02
9.836525470018386841e-02
1.123170629143714905e-01
1.007673218846321106e-01
1.090581789612770081e-01
1.031680032610893250e-01
8.563221246004104614e-02
7.722600549459457397e-02
8.945185691118240356e-02
8.745528012514114380e-02
8.608915656805038452e-02
7.759911566972732544e-02
9.155980497598648071e-02
1.132973879575729370e-01
1.085530743002891541e-01
1.013240069150924683e-01
1.128603518009185791e-01
8.934747427701950073e-02
1.011369749903678894e-01
7.331479340791702271e-02
8.848051726818084717e-02
7.436078786849975586e-02
9.001352638006210327e-02
5.817668139934539795e-02
7.396719604730606079e-02
8.236283063888549805e-02
1.225056350231170654e-01
9.941356629133224487e-02
8.233200758695602417e-02
7.186195254325866699e-02
1.167715266346931458e-01
7.455775141716003418e-02
8.778510987758636475e-02
8.228147029876708984e-02
8.095481991767883301e-02
1.073630005121231079e-01
8.541570603847503662e-02
1.247672811150550842e-01
1.065877676010131836e-01
9.949903190135955811e-02
9.069527685642242432e-02
8.024816215038299561e-02
9.352374076843261719e-02
9.956616908311843872e-02
1.213713362812995911e-01
9.431869536638259888e-02
9.938529133796691895e-02
8.624406158924102783e-02
1.084161847829818726e-01
1.046295166015625000e-01
9.419517964124679565e-02
9.894084185361862183e-02
1.005831062793731689e-01
1.039298102259635925e-01
8.057381957769393921e-02
9.877059608697891235e-02
7.616249471902847290e-02
9.386823326349258423e-02
1.080961674451828003e-01
8.439766615629196167e-02
9.889166057109832764e-02
6.989447027444839478e-02
1.012279987335205078e-01
7.795523852109909058e-02
1.158503144979476929e-01
7.116295397281646729e-02
1.089793294668197632e-01
9.650161117315292358e-02
7.874307781457901001e-02
7.663247734308242798e-02
8.997296541929244995e-02
1.277140825986862183e-01
8.585558831691741943e-02
7.249695807695388794e-02
8.348485827445983887e-02
8.882392197847366333e-02
7.205897569656372070e-02
4.598855972290039062e-02
8.316548913717269897e-02
1.095894277095794678e-01
1.093464195728302002e-01
9.480751305818557739e-02
1.010688319802284241e-01
9.764644503593444824e-02
9.085799008607864380e-02
1.003788188099861145e-01
1.111155226826667786e-01
9.526886045932769775e-02
9.173632413148880005e-02
9.444219619035720825e-02
7.879407703876495361e-02
1.055276915431022644e-01
1.052452400326728821e-01
7.148189842700958252e-02
8.192890137434005737e-02
1.181334406137466431e-01
9.452610462903976440e-02
1.250640302896499634e-01
1.012260094285011292e-01
6.958267092704772949e-02
1.014480441808700562e-01
9.235699474811553955e-02
8.687923103570938110e-02
1.150667220354080200e-01
1.115202829241752625e-01
8.651815354824066162e-02
1.162248775362968445e-01
7.778913527727127075e-02
1.176555007696151733e-01
1.030064672231674194e-01
8.087056130170822144e-02
1.221482157707214355e-01
7.908097654581069946e-02
1.210959330201148987e-01
7.712835818529129028e-02
1.133394241333007812e-01
1.104841753840446472e-01
9.453658759593963623e-02
8.763311803340911865e-02
7.009231299161911011e-02
1.562670916318893433e-01
7.619690895080566406e-02
9.745018929243087769e-02
9.712901711463928223e-02
1.145444810390472412e-01
9.219682216644287109e-02
9.999976307153701782e-02
9.186185151338577271e-02
1.188209652900695801e-01
8.922258019447326660e-02
7.941310107707977295e-02
9.275285154581069946e-02
1.027613952755928040e-01
7.867857813835144043e-02
9.973695874214172363e-02
1.020238995552062988e-01
1.024457961320877075e-01
8.513078838586807251e-02
1.081129834055900574e-01
8.341615647077560425e-02
7.365731149911880493e-02
8.725199103355407715e-02
1.003978997468948364e-01
1.327276527881622314e-01
7.430519908666610718e-02
9.437071532011032104e-02
1.376715004444122314e-01
9.773317724466323853e-02
1.001723781228065491e-01
1.233840212225914001e-01
9.819351881742477417e-02
9.773564338684082031e-02
9.492290019989013672e-02
9.875046461820602417e-02
8.654063940048217773e-02
1.142988279461860657e-01
1.005932986736297607e-01
1.042612493038177490e-01
1.171484962105751038e-01
1.061666756868362427e-01
1.098894253373146057e-01
1.237955987453460693e-01
1.084429919719696045e-01
1.012030243873596191e-01
9.699846059083938599e-02
1.027419865131378174e-01
8.683591336011886597e-02
1.046082749962806702e-01
1.311740428209304810e-01
8.449478447437286377e-02
1.067465320229530334e-01
6.994173675775527954e-02
1.112223342061042786e-01
8.830391615629196167e-02
7.993496209383010864e-02
1.257530748844146729e-01
9.301456063985824585e-02
1.025332733988761902e-01
1.216021925210952759e-01
9.501944482326507568e-02
9.154281020164489746e-02
9.151762723922729492e-02
1.060837358236312866e-01
9.249616414308547974e-02
7.305034995079040527e-02
1.048961654305458069e-01
7.326474785804748535e-02
9.840853512287139893e-02
8.676469326019287109e-02
9.414783865213394165e-02
9.495686739683151245e-02
1.057003140449523926e-01
1.104648634791374207e-01
9.631806612014770508e-02
1.338342279195785522e-01
8.404801040887832642e-02
9.855024516582489014e-02
