2.801929228007793427e-02
1.498521398752927780e-02
1.170022971928119659e-02
1.036747265607118607e-02
1.260580960661172867e-02
3.395535796880722046e-02
2.988513372838497162e-02
1.384394150227308273e-02
2.459151111543178558e-02
1.362184248864650726e-02
1.922411657869815826e-02
1.499415282160043716e-02
2.340097352862358093e-02
3.965825214982032776e-02
2.419634908437728882e-02
1.444069482386112213e-02
1.266900822520256042e-02
1.673816516995429993e-02
1.160849072039127350e-02
1.251206453889608383e-02
2.143150940537452698e-02
1.591584831476211548e-02
1.258398592472076416e-02
2.800834365189075470e-02
1.436718087643384933e-02
2.746984548866748810e-02
1.196749880909919739e-02
1.064706128090620041e-02
1.432615146040916443e-02
1.621517725288867950e-02
1.754304952919483185e-02
3.338822349905967712e-02
3.584370389580726624e-02
1.151735614985227585e-02
1.569044403731822968e-02
2.335962839424610138e-02
1.169128436595201492e-02
7.299432158470153809e-02
1.918453536927700043e-02
1.178568974137306213e-02
1.601466722786426544e-02
1.554369647055864334e-02
9.916930459439754486e-03
2.729512192308902740e-02
2.875155024230480194e-02
1.790585555136203766e-02
1.199731137603521347e-02
1.426362991333007812e-02
1.322026178240776062e-02
2.281569503247737885e-02
1.245710160583257675e-02
1.542733423411846161e-02
1.089761592447757721e-02
3.598423302173614502e-02
1.806681789457798004e-02
2.690802514553070068e-02
1.982732489705085754e-02
3.136548027396202087e-02
2.415731735527515411e-02
2.290917560458183289e-02
2.346978895366191864e-02
1.039118971675634384e-02
4.480841383337974548e-02
3.276912122964859009e-02
1.488505210727453232e-02
1.624391600489616394e-02
1.011623628437519073e-02
2.439319342374801636e-02
9.708529338240623474e-03
2.250865101814270020e-02
1.476067025214433670e-02
2.127606980502605438e-02
1.472061127424240112e-02
3.464608266949653625e-02
1.652592048048973083e-02
3.497908264398574829e-02
1.733207702636718750e-02
2.929013967514038086e-02
2.293048612773418427e-02
1.791297644376754761e-02
2.762806415557861328e-02
1.040069479495286942e-02
2.446883730590343475e-02
1.005948241800069809e-02
1.043257489800453186e-02
1.369469892233610153e-02
1.242847740650177002e-02
1.749495603144168854e-02
1.158034149557352066e-02
2.895336784422397614e-02
1.377520989626646042e-02
1.706854812800884247e-02
1.894604787230491638e-02
4.119811207056045532e-02
9.358365088701248169e-03
1.327570155262947083e-02
2.640760689973831177e-02
3.860828280448913574e-02
1.054172497242689133e-02
2.682393044233322144e-02
1.670698262751102448e-02
1.386029645800590515e-02
1.613117381930351257e-02
2.830450981855392456e-02
2.940184250473976135e-02
1.872397772967815399e-02
1.153530739247798920e-02
1.142830308526754379e-02
1.813707128167152405e-02
4.800629988312721252e-02
2.403887547552585602e-02
2.513456717133522034e-02
1.149788405746221542e-02
1.110053341835737228e-02
3.058454208076000214e-02
1.387433707714080811e-02
1.188087929040193558e-02
3.301233798265457153e-02
2.441706508398056030e-02
2.810117788612842560e-02
1.440298091620206833e-02
2.226945944130420685e-02
2.085594274103641510e-02
2.402958273887634277e-02
1.148051489144563675e-02
2.281619422137737274e-02
3.229479119181632996e-02
2.215884998440742493e-02
1.190469972789287567e-02
1.541652157902717590e-02
1.179744210094213486e-02
3.531378880143165588e-02
2.437694929540157318e-02
1.763836666941642761e-02
1.261714566498994827e-02
2.811968885362148285e-02
3.182888403534889221e-02
2.204257622361183167e-02
2.975819073617458344e-02
1.107825245708227158e-02
1.219641044735908508e-02
2.494821138679981232e-02
1.216329261660575867e-02
2.947856672108173370e-02
4.508880153298377991e-02
1.096758618950843811e-02
1.226943638175725937e-02
2.421996183693408966e-02
1.896534301340579987e-02
2.532528899610042572e-02
9.724993258714675903e-03
1.091479882597923279e-02
1.233289763331413269e-02
2.808366715908050537e-02
1.021803263574838638e-02
1.958348043262958527e-02
1.828312315046787262e-02
1.043526083230972290e-02
2.285195328295230865e-02
1.271841954439878464e-02
1.416855864226818085e-02
1.928154192864894867e-02
1.551430020481348038e-02
2.076058275997638702e-02
1.593826524913311005e-02
1.210293360054492950e-02
2.253479324281215668e-02
1.394609175622463226e-02
1.667506620287895203e-02
3.169021382927894592e-02
1.073714718222618103e-02
1.641009002923965454e-02
1.854087412357330322e-02
2.336970344185829163e-02
1.241206005215644836e-02
1.049108896404504776e-02
1.160803344100713730e-02
1.071479078382253647e-02
1.237793825566768646e-02
3.110686875879764557e-02
3.133478760719299316e-02
2.608591318130493164e-02
1.284220535308122635e-02
2.149681001901626587e-02
1.790776848793029785e-02
3.884853422641754150e-02
3.042518161237239838e-02
1.557448692619800568e-02
1.350721437484025955e-02
1.284226309508085251e-02
3.510209918022155762e-02
4.674667119979858398e-02
1.368576660752296448e-02
1.973986066877841949e-02
1.023458596318960190e-02
2.268826775252819061e-02
1.955351233482360840e-02
1.224819943308830261e-02
1.526026148349046707e-02
1.447395142167806625e-02
3.228149190545082092e-02
1.410859078168869019e-02
1.505067385733127594e-02
1.172407623380422592e-02
3.495098650455474854e-02
1.651361025869846344e-02
1.349102146923542023e-02
2.167708240449428558e-02
2.185474894940853119e-02
1.121824048459529877e-02
1.059886068105697632e-02
1.379210501909255981e-02
9.932064451277256012e-03
2.773378230631351471e-02
2.555823512375354767e-02
2.180054783821105957e-02
3.180537372827529907e-02
1.485241390764713287e-02
3.958490490913391113e-02
1.503920555114746094e-02
2.646661549806594849e-02
2.192473784089088440e-02
4.017458111047744751e-02
4.716102033853530884e-02
1.552047580480575562e-02
1.206218544393777847e-02
1.632843352854251862e-02
1.249236520379781723e-02
1.587731018662452698e-02
1.632520183920860291e-02
2.459587156772613525e-02
2.783397771418094635e-02
2.688616327941417694e-02
1.386875100433826447e-02
1.244954857975244522e-02
2.633326314389705658e-02
1.156753487884998322e-02
4.400437697768211365e-02
1.859521493315696716e-02
1.181706786155700684e-02
3.042964451014995575e-02
1.240875571966171265e-02
3.242018818855285645e-02
1.757192425429821014e-02
2.764505520462989807e-02
2.173395268619060516e-02
9.506369009613990784e-03
1.204240042716264725e-02
1.530117169022560120e-02
2.469224482774734497e-02
1.519911643117666245e-02
1.153989043086767197e-02
3.256312012672424316e-02
1.597913540899753571e-02
3.311356902122497559e-02
3.009660542011260986e-02
1.382225565612316132e-02
1.214382890611886978e-02
1.259386911988258362e-02
1.378658413887023926e-02
1.082803495228290558e-02
1.428505033254623413e-02
1.620521582663059235e-02
1.275929529219865799e-02
2.153486013412475586e-02
1.918035373091697693e-02
1.153515931218862534e-02
1.376892067492008209e-02
1.138578820973634720e-02
1.456108968704938889e-02
1.671021431684494019e-02
2.532963268458843231e-02
1.512069161981344223e-02
1.095953583717346191e-02
2.058835327625274658e-02
2.262435667216777802e-02
1.417221315205097198e-02
1.308715436607599258e-02
2.948480099439620972e-02
2.986826747655868530e-02
1.016739197075366974e-02
3.173050284385681152e-02
1.982926391065120697e-02
1.370030455291271210e-02
1.052789390087127686e-02
2.266550064086914062e-02
1.164331007748842239e-02
2.547978982329368591e-02
1.263264007866382599e-02
1.505985669791698456e-02
1.322294585406780243e-02
1.701581478118896484e-02
2.140771038830280304e-02
6.543646007776260376e-02
4.358050972223281860e-02
9.244396351277828217e-03
1.476988289505243301e-02
1.180358137935400009e-02
4.791602492332458496e-02
3.674059361219406128e-02
1.147700939327478409e-02
1.301730424165725708e-02
3.004469163715839386e-02
2.259299345314502716e-02
1.327029243111610413e-02
1.426475029438734055e-02
2.285451814532279968e-02
3.263032808899879456e-02
3.174884989857673645e-02
1.464820187538862228e-02
1.516856625676155090e-02
2.797218598425388336e-02
2.662043459713459015e-02
1.210662163794040680e-02
2.945996075868606567e-02
3.345322608947753906e-02
2.209742926061153412e-02
1.425365265458822250e-02
1.612586155533790588e-02
1.041036937385797501e-02
1.013681106269359589e-02
1.624103635549545288e-02
3.070907853543758392e-02
1.494647935032844543e-02
2.637238055467605591e-02
1.209323108196258545e-02
1.808578334748744965e-02
1.476036384701728821e-02
1.254580076783895493e-02
3.960779681801795959e-02
1.306378468871116638e-02
3.161856159567832947e-02
2.029198221862316132e-02
2.284967526793479919e-02
1.176393870264291763e-02
2.446063049137592316e-02
1.599201001226902008e-02
2.938815765082836151e-02
3.291755914688110352e-02
1.226227730512619019e-02
3.780237585306167603e-02
3.406349569559097290e-02
2.920518070459365845e-02
1.177124492824077606e-02
1.774272508919239044e-02
4.743132740259170532e-02
9.413175284862518311e-03
1.960451342165470123e-02
1.833362318575382233e-02
1.600391604006290436e-02
3.092313371598720551e-02
2.761893533170223236e-02
2.270746603608131409e-02
1.110172737389802933e-02
2.633207663893699646e-02
1.335210260003805161e-02
1.033751759678125381e-02
2.761893905699253082e-02
2.611883543431758881e-02
1.499403081834316254e-02
4.725948348641395569e-02
1.353367883712053299e-02
1.300488412380218506e-02
1.067662518471479416e-02
1.479325257241725922e-02
1.255626045167446136e-02
1.623499952256679535e-02
1.131465006619691849e-02
1.291378401219844818e-02
1.595290750265121460e-02
1.415145397186279297e-02
2.501823194324970245e-02
2.386149205267429352e-02
1.131333317607641220e-02
1.106268446892499924e-02
1.680840738117694855e-02
1.401252113282680511e-02
4.764094203710556030e-02
1.257280539721250534e-02
1.509047672152519226e-02
3.005489706993103027e-02
2.181936986744403839e-02
1.415469031780958176e-02
1.477671787142753601e-02
3.026655130088329315e-02
1.154533028602600098e-02
1.172695774585008621e-02
1.046029292047023773e-02
1.312492042779922485e-02
1.434431597590446472e-02
2.620407380163669586e-02
1.258106995373964310e-02
1.112968288362026215e-02
3.585245832800865173e-02
1.849965751171112061e-02
1.914513483643531799e-02
1.281718723475933075e-02
1.199047826230525970e-02
2.126357145607471466e-02
1.487567741423845291e-02
1.506282296031713486e-02
2.578810602426528931e-02
2.875269763171672821e-02
3.648377954959869385e-02
2.743957377970218658e-02
1.187958754599094391e-02
1.223012246191501617e-02
3.118377365171909332e-02
1.276887301355600357e-02
2.281066216528415680e-02
3.298778086900711060e-02
2.532612159848213196e-02
3.325220942497253418e-02
3.701313212513923645e-02
1.153681892901659012e-02
1.486607361584901810e-02
2.861128374934196472e-02
1.908078044652938843e-02
1.062388624995946884e-02
1.269358210265636444e-02
1.352195534855127335e-02
1.541937235742807388e-02
1.415639277547597885e-02
1.458855532109737396e-02
2.896089479327201843e-02
1.517463661730289459e-02
1.324517186731100082e-02
1.239403430372476578e-02
1.392705366015434265e-02
2.682116627693176270e-02
1.602924801409244537e-02
1.286941953003406525e-02
1.220360957086086273e-02
2.171349711716175079e-02
2.570732682943344116e-02
1.049286127090454102e-02
1.104181725531816483e-02
1.905364915728569031e-02
2.575584687292575836e-02
2.155408635735511780e-02
3.892376646399497986e-02
3.785761073231697083e-02
2.000459469854831696e-02
1.368015725165605545e-02
1.368677522987127304e-02
1.978466287255287170e-02
3.366447240114212036e-02
1.459617260843515396e-02
2.542982250452041626e-02
2.698673307895660400e-02
2.400615997612476349e-02
2.891817316412925720e-02
2.477244846522808075e-02
1.053756102919578552e-02
3.297422826290130615e-02
5.069422349333763123e-02
9.697405621409416199e-03
4.901793226599693298e-02
1.247903145849704742e-02
1.565657369792461395e-02
1.051882281899452209e-02
2.102590911090373993e-02
3.696619346737861633e-02
1.216477807611227036e-02
1.213118899613618851e-02
1.276835799217224121e-02
8.864133618772029877e-03
1.309349667280912399e-02
1.571122184395790100e-02
2.156912162899971008e-02
2.883325144648551941e-02
2.439097315073013306e-02
3.247959539294242859e-02
1.531374640762805939e-02
3.444315120577812195e-02
3.015956096351146698e-02
1.134227402508258820e-02
1.656456291675567627e-02
1.585625484585762024e-02
1.183475647121667862e-02
1.201342884451150894e-02
1.637357473373413086e-02
2.424488216638565063e-02
1.214332506060600281e-02
1.589698530733585358e-02
1.839710958302021027e-02
1.908384077250957489e-02
4.025003686547279358e-02
3.915554657578468323e-02
2.732490189373493195e-02
1.267296727746725082e-02
2.220676280558109283e-02
5.955999717116355896e-02
1.262280996888875961e-02
2.400414273142814636e-02
1.182542275637388229e-02
1.181192323565483093e-02
2.886961586773395538e-02
3.243353217840194702e-02
1.803902909159660339e-02
1.947258599102497101e-02
2.820151671767234802e-02
2.688692323863506317e-02
2.620854414999485016e-02
3.755030408501625061e-02
1.202187035232782364e-02
1.573071442544460297e-02
1.157516613602638245e-02
1.342745032161474228e-02
2.676740102469921112e-02
1.244138367474079132e-02
2.233876660466194153e-02
1.256496924906969070e-02
2.345948480069637299e-02
3.483682870864868164e-02
1.389369182288646698e-02
1.305125560611486435e-02
3.502291068434715271e-02
1.659328676760196686e-02
2.548553794622421265e-02
1.070007309317588806e-02
1.151037681847810745e-02
2.381237596273422241e-02
1.597811654210090637e-02
1.173467561602592468e-02
1.176363322883844376e-02
1.795497164130210876e-02
2.072399482131004333e-02
2.834501303732395172e-02
1.267366763204336166e-02
4.074072092771530151e-02
1.339847035706043243e-02
2.463567256927490234e-02
2.023952826857566833e-02
1.379049010574817657e-02
4.122891277074813843e-02
3.535890206694602966e-02
3.980864211916923523e-02
2.401013858616352081e-02
1.173755899071693420e-02
1.615778543055057526e-02
3.092003613710403442e-02
1.611869409680366516e-02
2.067834511399269104e-02
2.552114427089691162e-02
4.993550106883049011e-02
2.201799862086772919e-02
1.542925648391246796e-02
1.087980158627033234e-02
3.228639438748359680e-02
2.535466849803924561e-02
1.581076905131340027e-02
3.710650652647018433e-02
2.140462212264537811e-02
1.719910465180873871e-02
1.568782702088356018e-02
3.614426404237747192e-02
3.333592414855957031e-02
1.480674371123313904e-02
2.060897089540958405e-02
2.695505879819393158e-02
1.263965293765068054e-02
1.377106271684169769e-02
1.367458142340183258e-02
2.249164693057537079e-02
3.586978837847709656e-02
1.515816431492567062e-02
2.078126743435859680e-02
1.228593196719884872e-02
3.188080713152885437e-02
1.727223768830299377e-02
1.327202748507261276e-02
1.285897195339202881e-02
3.232179954648017883e-02
1.239865645766258240e-02
2.875695191323757172e-02
1.212155539542436600e-02
2.877886965870857239e-02
1.349944435060024261e-02
2.876671403646469116e-02
6.241502612829208374e-02
1.795146986842155457e-02
1.399735268205404282e-02
1.728999614715576172e-02
5.434894934296607971e-02
1.567960530519485474e-02
3.878933563828468323e-02
1.448739599436521530e-02
1.335219386965036392e-02
2.684514038264751434e-02
4.300775006413459778e-02
1.445747073739767075e-02
1.564871706068515778e-02
1.132532116025686264e-02
1.103385165333747864e-02
1.921358890831470490e-02
2.708911709487438202e-02
1.519991457462310791e-02
2.530205994844436646e-02
4.883561283349990845e-02
1.226908806711435318e-02
2.819899842143058777e-02
2.195062860846519470e-02
1.943407207727432251e-02
1.184592861682176590e-02
1.145192049443721771e-02
1.666286773979663849e-02
2.781607583165168762e-02
2.426271326839923859e-02
3.204205259680747986e-02
3.153754025697708130e-02
2.495503984391689301e-02
2.862147986888885498e-02
2.099735662341117859e-02
2.411093749105930328e-02
3.386491537094116211e-02
3.544526919722557068e-02
1.740517839789390564e-02
2.517991513013839722e-02
2.588473446667194366e-02
1.105304062366485596e-02
1.593695953488349915e-02
2.136168256402015686e-02
2.709890156984329224e-02
3.305886313319206238e-02
1.028422079980373383e-02
1.401939056813716888e-02
2.268195524811744690e-02
1.638846471905708313e-02
3.249962627887725830e-02
1.670798659324645996e-02
3.030048683285713196e-02
1.183779723942279816e-02
2.962799556553363800e-02
1.398218236863613129e-02
2.381006069481372833e-02
2.199137583374977112e-02
2.879072725772857666e-02
1.839110255241394043e-02
1.224743481725454330e-02
2.614999935030937195e-02
2.335422858595848083e-02
4.012468084692955017e-02
1.012500934302806854e-02
3.724626451730728149e-02
9.951112791895866394e-03
2.048800699412822723e-02
1.481194142252206802e-02
1.834143698215484619e-02
3.701809048652648926e-02
1.049321703612804413e-02
1.141975261270999908e-02
1.128030940890312195e-02
2.214854583144187927e-02
2.264302596449851990e-02
2.575601078569889069e-02
1.384271495044231415e-02
1.313641015440225601e-02
1.225315500050783157e-02
1.640920713543891907e-02
1.288233883678913116e-02
1.284887176007032394e-02
1.448336895555257797e-02
1.241013035178184509e-02
3.111676499247550964e-02
2.865148894488811493e-02
2.226734720170497894e-02
2.422115765511989594e-02
3.477787226438522339e-02
3.119576349854469299e-02
1.503763720393180847e-02
1.251724641770124435e-02
1.267246995121240616e-02
3.487423062324523926e-02
1.343210600316524506e-02
2.166020125150680542e-02
3.330480307340621948e-02
2.922214195132255554e-02
1.703867688775062561e-02
1.265209447592496872e-02
1.546589657664299011e-02
3.190493211150169373e-02
2.337636053562164307e-02
3.022777102887630463e-02
1.736203953623771667e-02
2.487672679126262665e-02
9.673090651631355286e-03
9.753689169883728027e-03
2.153766714036464691e-02
4.060706123709678650e-02
2.104307338595390320e-02
1.361624244600534439e-02
1.263629831373691559e-02
4.123269021511077881e-02
1.174182724207639694e-02
9.620540775358676910e-03
1.719052158296108246e-02
2.244569733738899231e-02
2.359599992632865906e-02
1.458328403532505035e-02
1.837550848722457886e-02
3.037050738930702209e-02
3.100128099322319031e-02
1.450396422296762466e-02
1.563393697142601013e-02
2.373331226408481598e-02
1.242670137435197830e-02
1.351173035800457001e-02
1.273736450821161270e-02
6.145153567194938660e-02
1.001134328544139862e-02
2.859398722648620605e-02
1.261678244918584824e-02
1.236191205680370331e-02
9.797923266887664795e-03
1.319364923983812332e-02
4.068685322999954224e-02
1.457928400486707687e-02
2.262129262089729309e-02
2.357376366853713989e-02
2.306511998176574707e-02
1.105612143874168396e-02
2.925071865320205688e-02
1.800426468253135681e-02
2.271733991801738739e-02
6.083733960986137390e-02
3.367623314261436462e-02
3.039884008467197418e-02
4.735253006219863892e-02
1.322805415838956833e-02
2.323970943689346313e-02
2.198891714215278625e-02
7.576972246170043945e-02
2.904670685529708862e-02
1.764975301921367645e-02
3.477826714515686035e-02
1.249038055539131165e-02
1.220729947090148926e-02
2.779578790068626404e-02
2.737879194319248199e-02
1.768719218671321869e-02
1.070986315608024597e-02
2.980623953044414520e-02
1.412898488342761993e-02
1.473234500735998154e-02
3.039442934095859528e-02
1.190221402794122696e-02
1.203348301351070404e-02
1.332775503396987915e-02
1.143740490078926086e-02
2.767882309854030609e-02
1.645430922508239746e-02
2.403307706117630005e-02
3.306880965828895569e-02
1.134730502963066101e-02
2.687105350196361542e-02
2.665399014949798584e-02
1.637901365756988525e-02
3.299183025956153870e-02
1.897746138274669647e-02
1.134143490344285965e-02
1.371223106980323792e-02
1.141314208507537842e-02
3.554774820804595947e-02
3.086106106638908386e-02
1.511099934577941895e-02
1.040819007903337479e-02
2.402609400451183319e-02
1.298663485795259476e-02
1.149956509470939636e-02
3.495222702622413635e-02
1.440824847668409348e-02
1.383947301656007767e-02
2.019095793366432190e-02
2.891127206385135651e-02
1.322843320667743683e-02
9.848774410784244537e-03
1.121736224740743637e-02
1.138389110565185547e-02
1.498916558921337128e-02
2.112688124179840088e-02
1.485003624111413956e-02
1.376473065465688705e-02
2.975294739007949829e-02
1.409786380827426910e-02
3.112319856882095337e-02
2.857414446771144867e-02
1.599262282252311707e-02
3.747020289301872253e-02
1.249334029853343964e-02
1.399936340749263763e-02
9.512317366898059845e-03
1.224602945148944855e-02
2.795840427279472351e-02
4.867775738239288330e-02
2.867070771753787994e-02
2.794612944126129150e-02
1.196397840976715088e-02
1.286739576607942581e-02
9.915921837091445923e-03
1.258752122521400452e-02
1.368408650159835815e-02
1.199749298393726349e-02
1.400476321578025818e-02
4.005903378129005432e-02
1.495946571230888367e-02
2.026593498885631561e-02
1.413164939731359482e-02
2.404593676328659058e-02
