9.336191415786743164e-02
2.679772861301898956e-02
5.216424167156219482e-02
1.354406401515007019e-02
3.241669759154319763e-02
8.665072172880172729e-02
1.087447106838226318e-01
5.558560788631439209e-02
9.321543388068675995e-03
4.946203529834747314e-02
5.014877021312713623e-02
2.769994549453258514e-02
5.715858936309814453e-02
1.040251087397336960e-02
1.985192112624645233e-02
5.394502356648445129e-02
5.881171673536300659e-02
6.447485834360122681e-02
5.104415863752365112e-02
1.749524474143981934e-02
1.690558157861232758e-02
3.412615135312080383e-02
1.272038370370864868e-02
2.344583906233310699e-02
5.319502577185630798e-02
1.284099519252777100e-01
4.974937066435813904e-02
1.235362701117992401e-02
3.136989101767539978e-02
2.415823563933372498e-02
5.038912221789360046e-02
1.456095427274703979e-01
3.052757680416107178e-02
5.328516289591789246e-02
5.566813796758651733e-02
2.821564301848411560e-02
5.543474107980728149e-02
8.303444087505340576e-02
4.826513305306434631e-02
4.927481710910797119e-02
2.452081628143787384e-02
3.427073732018470764e-02
3.139064833521842957e-02
8.125136792659759521e-02
1.884759776294231415e-02
8.025757968425750732e-03
3.326392918825149536e-02
5.479875952005386353e-02
3.687821701169013977e-02
2.964955940842628479e-02
4.616190120577812195e-02
5.598023906350135803e-02
1.006490457803010941e-02
7.893023639917373657e-02
2.913320623338222504e-02
4.122933745384216309e-02
3.986127302050590515e-02
6.457808613777160645e-02
7.439470384269952774e-03
2.811154350638389587e-02
2.407755888998508453e-02
6.439192593097686768e-02
3.282967954874038696e-02
9.184694290161132812e-02
7.329453527927398682e-02
4.361748695373535156e-02
4.034132510423660278e-02
9.728509187698364258e-02
1.210639998316764832e-02
6.303489208221435547e-02
7.990211248397827148e-02
1.488038804382085800e-02
3.555541113018989563e-02
2.887169085443019867e-02
7.364922761917114258e-02
1.066486686468124390e-01
7.122292369604110718e-02
4.745995998382568359e-02
3.585122153162956238e-02
2.180158905684947968e-02
2.609350159764289856e-02
3.001948632299900055e-02
9.758253395557403564e-02
2.769006974995136261e-02
6.546998023986816406e-02
5.576753988862037659e-02
2.805628068745136261e-02
2.258213236927986145e-02
4.165220633149147034e-02
6.966663897037506104e-02
5.938069149851799011e-02
4.451566562056541443e-02
3.085454553365707397e-02
2.492206543684005737e-02
3.044431284070014954e-02
2.939988113939762115e-02
6.963390111923217773e-02
1.270352900028228760e-01
2.313017845153808594e-02
5.571939796209335327e-02
4.956825822591781616e-02
2.516786195337772369e-02
3.358769044280052185e-02
9.131027758121490479e-02
1.064043715596199036e-01
1.179922651499509811e-02
7.981915958225727081e-03
6.018901243805885315e-02
8.433403074741363525e-02
6.925036013126373291e-02
4.003114998340606689e-02
3.996568173170089722e-02
3.141921758651733398e-02
3.310044854879379272e-02
6.438080966472625732e-02
2.807252854108810425e-02
2.038343995809555054e-02
4.629225656390190125e-02
1.089575737714767456e-01
1.402126848697662354e-01
6.211963668465614319e-02
1.303941309452056885e-01
3.798113763332366943e-02
3.450458124279975891e-02
2.479225210845470428e-02
4.355439916253089905e-02
2.642817236483097076e-02
6.459412723779678345e-02
1.836692914366722107e-02
3.427060320973396301e-02
5.967903137207031250e-02
4.779874160885810852e-02
1.376978754997253418e-01
6.250923126935958862e-02
2.636710368096828461e-02
3.863828256726264954e-02
1.208555549383163452e-01
3.327989578247070312e-02
8.931230753660202026e-03
3.708819299936294556e-02
3.175923600792884827e-02
6.379873305559158325e-02
4.859774559736251831e-02
7.431693375110626221e-02
1.037691980600357056e-01
6.898290663957595825e-02
2.776301279664039612e-02
3.431571274995803833e-02
7.287964224815368652e-02
4.827087000012397766e-02
3.024171479046344757e-02
6.224521901458501816e-03
2.360488101840019226e-02
1.063109114766120911e-01
3.085375949740409851e-02
1.909291557967662811e-02
1.483608596026897430e-02
3.175679594278335571e-02
6.048693507909774780e-02
4.124181717634201050e-02
5.220993421971797943e-03
1.838058792054653168e-02
4.045556113123893738e-02
2.800281159579753876e-02
3.570172935724258423e-02
4.574566707015037537e-02
5.901829525828361511e-02
3.215219452977180481e-02
6.748325377702713013e-02
4.005320370197296143e-02
1.040181796997785568e-02
4.336521402001380920e-02
6.162485480308532715e-02
6.023676320910453796e-02
3.985685855150222778e-02
4.580365121364593506e-02
2.915578894317150116e-02
2.276947163045406342e-02
5.196132883429527283e-02
2.290040068328380585e-02
5.272751674056053162e-02
7.989555597305297852e-02
4.724612459540367126e-02
3.778836876153945923e-02
1.486860867589712143e-02
9.324456751346588135e-02
4.048866406083106995e-02
3.818087652325630188e-02
3.327303379774093628e-02
2.103318087756633759e-02
3.088708221912384033e-02
8.577544987201690674e-02
3.937343880534172058e-02
2.455148100852966309e-02
2.426614612340927124e-02
6.820826977491378784e-02
1.686129160225391388e-02
2.719848789274692535e-02
1.287336088716983795e-02
1.302661746740341187e-02
1.373564600944519043e-01
2.579699456691741943e-02
5.847956240177154541e-02
1.955471001565456390e-02
4.130579531192779541e-02
3.552762046456336975e-02
2.959219738841056824e-02
5.660183727741241455e-02
7.305874675512313843e-02
1.964117772877216339e-02
4.794012382626533508e-02
6.154229864478111267e-02
2.286030724644660950e-02
3.689908981323242188e-02
1.660377718508243561e-02
5.780773237347602844e-02
5.440589413046836853e-02
3.533015027642250061e-02
1.513208597898483276e-01
4.441240057349205017e-02
1.608732193708419800e-01
2.781299687922000885e-02
6.447733379900455475e-03
1.549341678619384766e-01
4.222622513771057129e-02
6.379856914281845093e-02
6.532997637987136841e-02
2.704923599958419800e-02
1.086958870291709900e-02
5.243747308850288391e-02
6.491409987211227417e-02
1.272669732570648193e-01
7.207275927066802979e-02
5.599352344870567322e-02
2.526803873479366302e-02
8.876512944698333740e-02
3.103367798030376434e-02
8.118822425603866577e-02
1.075206138193607330e-02
1.337997615337371826e-02
7.514730840921401978e-02
2.673391439020633698e-02
7.853428274393081665e-02
5.132660269737243652e-02
1.600332111120223999e-01
8.361821621656417847e-02
5.823618546128273010e-02
3.678830713033676147e-02
5.773812532424926758e-02
7.316558063030242920e-02
2.106163091957569122e-02
3.505147621035575867e-02
2.969723381102085114e-02
3.322866186499595642e-02
8.475979417562484741e-02
7.577651739120483398e-02
4.544502869248390198e-02
1.312339119613170624e-02
2.562757395207881927e-02
5.253731459379196167e-02
3.882699087262153625e-02
6.092501804232597351e-03
3.243470937013626099e-02
6.854577362537384033e-02
1.155206859111785889e-01
5.647520348429679871e-02
4.590976983308792114e-02
2.558476850390434265e-02
3.765333071351051331e-02
5.610387772321701050e-02
2.011740766465663910e-02
6.370703130960464478e-02
3.149353712797164917e-02
2.182417921721935272e-02
9.368370473384857178e-02
4.274961724877357483e-02
3.899719938635826111e-02
4.526404291391372681e-02
8.114285022020339966e-02
1.333162039518356323e-01
5.820774286985397339e-02
2.937396802008152008e-02
1.785892434418201447e-02
4.087909311056137085e-02
2.463175356388092041e-02
6.499434262514114380e-02
1.042603980749845505e-02
9.387013316154479980e-02
2.636152505874633789e-02
4.792170971632003784e-02
1.047283317893743515e-02
5.912106111645698547e-02
1.247078832238912582e-02
1.462317854166030884e-01
5.682229995727539062e-02
2.862922102212905884e-02
2.027306333184242249e-02
2.817124128341674805e-02
1.080244854092597961e-01
3.458121791481971741e-02
5.087807402014732361e-02
3.633274137973785400e-02
8.035161346197128296e-02
4.530688747763633728e-02
5.164417251944541931e-02
3.946679085493087769e-02
9.811770915985107422e-02
5.084868520498275757e-02
2.963632717728614807e-02
3.101385943591594696e-02
4.971881210803985596e-02
1.531503442674875259e-02
7.760548591613769531e-02
2.148672565817832947e-02
5.056494846940040588e-02
4.886203631758689880e-02
9.004303812980651855e-02
4.630514606833457947e-02
1.577862352132797241e-02
3.335709869861602783e-02
2.181032672524452209e-02
2.929911948740482330e-02
2.722078934311866760e-02
5.659290030598640442e-02
3.310210257768630981e-02
1.360651385039091110e-02
4.157945141196250916e-02
3.972795233130455017e-02
5.740310624241828918e-02
9.614898264408111572e-02
3.921641409397125244e-02
6.363743543624877930e-02
7.584556937217712402e-02
5.715069547295570374e-02
3.487887606024742126e-02
1.390517689287662506e-02
2.374861203134059906e-02
4.321721196174621582e-02
6.572957336902618408e-02
4.076043143868446350e-02
8.018345385789871216e-02
6.243622303009033203e-02
8.242717385292053223e-02
4.824747145175933838e-02
7.481516897678375244e-02
6.391099840402603149e-02
3.047425672411918640e-02
6.777732819318771362e-02
2.272335626184940338e-02
4.666785895824432373e-02
9.533662348985671997e-02
9.920210391283035278e-02
9.653903543949127197e-02
1.941182836890220642e-02
4.983247071504592896e-02
4.321448132395744324e-02
4.181867092847824097e-02
9.774862229824066162e-02
7.811985909938812256e-02
5.335061997175216675e-02
1.784975081682205200e-02
2.221928164362907410e-02
4.657587781548500061e-02
3.491129726171493530e-02
4.622209817171096802e-02
2.516212873160839081e-02
4.177274927496910095e-02
3.756515681743621826e-02
4.976243525743484497e-02
4.975446313619613647e-02
4.746424406766891479e-02
2.132521197199821472e-02
4.553734511137008667e-02
3.956297412514686584e-02
4.071391001343727112e-02
1.255244668573141098e-02
2.944590896368026733e-02
4.517967998981475830e-02
5.041165649890899658e-02
3.101456351578235626e-02
2.156778611242771149e-02
3.889378160238265991e-02
3.630777820944786072e-02
3.749395906925201416e-02
9.214046597480773926e-02
5.135371163487434387e-02
3.763906285166740417e-02
2.455425821244716644e-02
3.768655285239219666e-02
4.058865830302238464e-02
2.419401891529560089e-02
4.358435794711112976e-02
1.099016889929771423e-02
1.175208762288093567e-01
7.322354614734649658e-02
8.591762185096740723e-02
1.434319186955690384e-02
6.063681095838546753e-03
4.046712815761566162e-02
7.014436274766921997e-02
5.167183279991149902e-02
1.461433321237564087e-01
4.853198677301406860e-02
1.664761900901794434e-01
4.702840372920036316e-02
5.853686109185218811e-02
2.606718614697456360e-02
1.164894774556159973e-01
3.185756504535675049e-02
7.875759154558181763e-02
1.573750227689743042e-01
5.652191117405891418e-02
4.270029067993164062e-02
4.913479834794998169e-02
3.871128335595130920e-02
3.101899288594722748e-02
8.793973922729492188e-02
2.141100354492664337e-02
1.524722855538129807e-02
4.545829817652702332e-02
3.321562707424163818e-02
6.886213272809982300e-02
2.830519527196884155e-02
4.992414638400077820e-02
9.530766308307647705e-02
4.860775172710418701e-02
4.414161294698715210e-02
4.544939100742340088e-02
5.792014673352241516e-02
2.330996654927730560e-02
4.312954843044281006e-02
4.926624894142150879e-02
2.901271544396877289e-02
2.785264886915683746e-02
7.908575981855392456e-02
2.180579677224159241e-02
3.858559206128120422e-02
3.285563364624977112e-02
7.662408798933029175e-02
2.021372877061367035e-02
7.834599167108535767e-02
7.502613961696624756e-02
4.192342236638069153e-02
4.459229484200477600e-02
5.646092072129249573e-02
7.544390857219696045e-02
3.004086203873157501e-02
5.322452634572982788e-02
9.654012322425842285e-02
1.252416074275970459e-01
1.118443235754966736e-01
1.631256043910980225e-01
3.197224438190460205e-02
3.642108663916587830e-02
1.283487528562545776e-01
7.841951400041580200e-02
1.914155110716819763e-02
5.777621269226074219e-02
4.894126579165458679e-02
3.615866228938102722e-02
3.164426609873771667e-02
4.074544459581375122e-02
7.590045034885406494e-02
4.683651402592658997e-02
4.950083047151565552e-02
2.824862487614154816e-02
3.732047602534294128e-02
5.321303009986877441e-02
7.540167123079299927e-02
4.059677198529243469e-02
8.821889013051986694e-02
9.871980547904968262e-02
2.220663428306579590e-02
6.155441701412200928e-02
8.597639203071594238e-02
1.923575066030025482e-02
1.309582777321338654e-02
2.212849073112010956e-02
4.985718056559562683e-02
3.560999035835266113e-02
4.741751402616500854e-02
2.192568965256214142e-02
9.022174775600433350e-02
1.680536195635795593e-02
5.373454093933105469e-02
6.326278299093246460e-02
8.307045325636863708e-03
1.435525864362716675e-01
3.891179338097572327e-02
8.753149956464767456e-02
4.793266206979751587e-02
5.652694031596183777e-03
1.589774787425994873e-01
3.304092586040496826e-02
9.878896176815032959e-02
3.961278870701789856e-02
4.467098414897918701e-02
3.937199711799621582e-02
1.842662505805492401e-02
3.941989317536354065e-02
1.500971615314483643e-02
1.517100930213928223e-01
6.198607385158538818e-02
7.980063557624816895e-02
9.115167707204818726e-02
3.157965093851089478e-02
1.506461389362812042e-02
4.199327901005744934e-02
4.219590499997138977e-02
1.390410661697387695e-01
5.318641662597656250e-02
8.107098191976547241e-02
6.786660850048065186e-02
8.563870191574096680e-02
8.006423711776733398e-02
4.618060588836669922e-02
2.591319009661674500e-02
1.293543577194213867e-01
3.672951459884643555e-02
6.451737135648727417e-02
5.721255391836166382e-02
5.676511302590370178e-02
2.499897032976150513e-02
3.747409954667091370e-02
2.773182839155197144e-02
4.659392684698104858e-02
3.695515915751457214e-02
1.354268286377191544e-02
9.798710048198699951e-02
1.107754092663526535e-02
3.049148432910442352e-02
7.448144722729921341e-03
1.104216426610946655e-01
2.725862711668014526e-02
2.297812327742576599e-02
4.169702902436256409e-02
7.246280461549758911e-02
5.566978082060813904e-02
4.232362657785415649e-02
5.676112603396177292e-03
4.898507613688707352e-03
2.738364413380622864e-02
4.430048167705535889e-02
7.821310311555862427e-02
5.193972587585449219e-02
3.321395814418792725e-02
2.633516676723957062e-02
5.126993730664253235e-02
1.391458418220281601e-02
1.428794860839843750e-01
5.631547793745994568e-02
3.827096521854400635e-02
4.000801965594291687e-02
6.557397544384002686e-02
1.185485869646072388e-01
1.350236311554908752e-02
9.954016655683517456e-02
4.070494323968887329e-02
4.414465650916099548e-02
7.613693177700042725e-02
1.070289835333824158e-01
5.518535897135734558e-02
2.823671326041221619e-02
4.388707876205444336e-02
7.556475698947906494e-02
2.812141552567481995e-02
2.459642291069030762e-02
6.944767385721206665e-02
4.196629300713539124e-02
7.858586311340332031e-02
5.008666217327117920e-02
6.537705659866333008e-02
2.895679697394371033e-02
5.477365106344223022e-02
3.896532952785491943e-02
3.436404466629028320e-02
6.189939752221107483e-02
1.085128076374530792e-02
3.268424794077873230e-02
1.223545670509338379e-01
1.952248252928256989e-02
1.965401694178581238e-02
3.482581675052642822e-02
1.589545048773288727e-02
7.593092322349548340e-02
4.642096161842346191e-02
9.480743110179901123e-02
4.104541614651679993e-02
5.399145185947418213e-02
1.253559291362762451e-01
5.551822111010551453e-02
3.904490917921066284e-02
5.595713108777999878e-02
1.200391165912151337e-02
3.243070095777511597e-02
1.537487562745809555e-02
3.547990694642066956e-02
6.096961721777915955e-02
6.745606660842895508e-02
8.223594725131988525e-02
5.729682277888059616e-03
1.027623414993286133e-01
8.302012085914611816e-02
5.251891165971755981e-02
1.458288542926311493e-02
3.941999375820159912e-02
2.806171029806137085e-02
8.343330025672912598e-02
3.048620931804180145e-02
5.943544581532478333e-02
5.471675097942352295e-02
6.247992068529129028e-02
4.712459444999694824e-02
1.692232862114906311e-02
9.412162005901336670e-02
1.348000317811965942e-01
1.031743064522743225e-01
4.164334386587142944e-02
7.305444777011871338e-02
9.637860208749771118e-02
3.137930855154991150e-02
1.555615011602640152e-02
3.515241667628288269e-02
1.411239653825759888e-01
9.407383203506469727e-02
1.087964791804552078e-02
5.331786721944808960e-02
4.276106879115104675e-02
4.291177168488502502e-02
8.505933731794357300e-02
4.499860480427742004e-02
1.214940026402473450e-01
2.729036286473274231e-02
5.894776433706283569e-02
4.828279837965965271e-02
3.150250390172004700e-02
8.519409596920013428e-02
5.220812559127807617e-02
8.002538979053497314e-02
1.224583014845848083e-02
1.024547144770622253e-01
7.660803943872451782e-02
6.098460033535957336e-02
3.452474251389503479e-02
1.197761110961437225e-02
2.911706455051898956e-02
3.952581435441970825e-02
3.762527182698249817e-02
2.511620707809925079e-02
9.058237820863723755e-02
3.580398857593536377e-02
4.659968614578247070e-02
1.043444499373435974e-02
5.686945095658302307e-02
1.119648739695549011e-01
1.106892973184585571e-01
2.093930914998054504e-02
5.057635903358459473e-02
4.626980423927307129e-02
4.444522038102149963e-02
4.946520924568176270e-02
4.530084878206253052e-02
2.651809900999069214e-02
2.105126157402992249e-02
9.172894805669784546e-02
7.032134383916854858e-02
1.181712467223405838e-02
7.445453852415084839e-02
1.466820985078811646e-01
5.371393635869026184e-02
1.426751073449850082e-02
3.308608755469322205e-02
4.857940226793289185e-02
7.455757260322570801e-02
2.501890808343887329e-02
3.275009244680404663e-02
4.419800266623497009e-02
1.252625286579132080e-01
4.959751665592193604e-02
4.156651720404624939e-02
5.289223790168762207e-02
1.013018041849136353e-01
6.424009054899215698e-02
1.171250715851783752e-01
3.945450112223625183e-02
6.147509813308715820e-02
2.775409072637557983e-02
1.422125473618507385e-02
6.349506974220275879e-02
2.477968856692314148e-02
7.640358060598373413e-02
5.524912849068641663e-02
4.120047762989997864e-02
9.051334857940673828e-02
4.498430341482162476e-02
3.700789436697959900e-02
6.318483501672744751e-02
2.568393014371395111e-02
3.242965042591094971e-02
6.066597998142242432e-02
5.614233389496803284e-02
1.098554432392120361e-01
5.357520282268524170e-02
1.899340748786926270e-02
7.064804434776306152e-02
5.976447835564613342e-02
1.473928522318601608e-02
5.035834386944770813e-02
2.637016028165817261e-02
8.976446092128753662e-02
3.513611853122711182e-02
7.417083531618118286e-02
1.556188054382801056e-02
3.356429561972618103e-02
3.709565848112106323e-02
4.453238472342491150e-02
3.991697356104850769e-02
4.140106588602066040e-02
1.065584924072027206e-02
1.336052864789962769e-01
9.276621043682098389e-02
3.257732465863227844e-02
1.172037050127983093e-01
6.375379115343093872e-02
7.485774159431457520e-02
2.481707371771335602e-02
2.952243760228157043e-02
6.774852424860000610e-02
2.494851127266883850e-02
2.825217694044113159e-02
8.500489592552185059e-02
1.194193512201309204e-01
1.887810043990612030e-02
1.770814694464206696e-02
4.903090372681617737e-02
3.234474733471870422e-02
5.188831314444541931e-02
2.654646709561347961e-02
7.425276190042495728e-02
5.824062600731849670e-02
2.646973170340061188e-02
5.046233162283897400e-02
7.703188061714172363e-02
4.213310778141021729e-02
5.180962383747100830e-02
2.085637301206588745e-02
4.423917084932327271e-02
6.006338819861412048e-02
1.250908244401216507e-02
5.437521636486053467e-02
1.027358695864677429e-01
4.506699368357658386e-02
8.959626406431198120e-02
1.365045458078384399e-02
4.670442268252372742e-02
8.650276064872741699e-02
1.881778240203857422e-02
2.611238881945610046e-02
7.899627089500427246e-02
2.341027557849884033e-02
4.097467288374900818e-02
2.165439538657665253e-02
3.857402130961418152e-02
6.050918251276016235e-02
8.822996914386749268e-02
3.001612611114978790e-02
1.943297311663627625e-02
7.793292403221130371e-02
3.797361999750137329e-02
3.925575315952301025e-02
2.549659274518489838e-02
5.624247342348098755e-02
2.682701684534549713e-02
6.361071020364761353e-02
4.417457431554794312e-02
2.585458941757678986e-02
3.491098061203956604e-02
3.846090659499168396e-02
4.026619717478752136e-02
4.022831097245216370e-02
1.319996118545532227e-01
1.931236870586872101e-02
4.048956930637359619e-02
9.076397866010665894e-02
4.730621725320816040e-02
5.148113146424293518e-02
1.207793131470680237e-01
3.605188429355621338e-02
4.811396822333335876e-02
1.606666482985019684e-02
5.743473023176193237e-02
4.562352597713470459e-02
3.848378360271453857e-02
2.381057105958461761e-02
3.158682212233543396e-02
8.228413015604019165e-02
9.220803529024124146e-02
2.235407568514347076e-02
5.504144355654716492e-02
4.150839149951934814e-02
1.338653732091188431e-02
1.989815384149551392e-02
4.930578172206878662e-02
3.945880755782127380e-02
1.832556165754795074e-02
4.845936968922615051e-02
4.344110935926437378e-02
1.821000128984451294e-02
7.156162708997726440e-02
