1.406190872192382812e+01
4.855751037597656250e+00
4.664637088775634766e+00
2.268829822540283203e+00
1.642348051071166992e+00
5.231843948364257812e+00
6.939015388488769531e+00
8.592171669006347656e+00
4.900809288024902344e+00
3.960024595260620117e+00
2.490414857864379883e+00
5.219995498657226562e+00
6.659911155700683594e+00
9.014411163330078125e+01
8.172889709472656250e+00
2.472272157669067383e+00
1.635661602020263672e+00
9.520329833030700684e-01
3.341874361038208008e+00
8.987459540367126465e-01
1.635991287231445312e+01
4.310207843780517578e+00
1.986624836921691895e+00
1.748046264648437500e+02
2.074525594711303711e+00
1.240394897460937500e+02
1.285727024078369141e+00
3.431594371795654297e+00
6.396354198455810547e+00
6.300425052642822266e+00
5.045001983642578125e+00
1.393830490112304688e+01
9.136660766601562500e+01
6.046756267547607422e+00
1.594463944435119629e+00
8.194003105163574219e+00
2.898810148239135742e+00
9.023284149169921875e+01
1.328865623474121094e+01
4.643761157989501953e+00
1.597161889076232910e+00
1.362692546844482422e+01
5.426575660705566406e+00
6.004985332489013672e+00
1.065072441101074219e+01
7.312334060668945312e+00
4.048639774322509766e+00
3.534020900726318359e+00
9.915004968643188477e-01
9.076117706298828125e+01
9.764487266540527344e+00
6.921035051345825195e-01
5.824164867401123047e+00
5.862806797027587891e+00
8.379862785339355469e+00
5.949034214019775391e+00
9.007501220703125000e+01
1.614536132812500000e+02
4.046511173248291016e+00
1.948026776313781738e+00
9.003886413574218750e+01
1.205609440803527832e+00
1.742975616455078125e+02
9.952697753906250000e+00
4.177108287811279297e+00
1.022577762603759766e+01
6.027533054351806641e+00
1.355420017242431641e+01
4.896009922027587891e+00
3.663510322570800781e+00
3.030863285064697266e+00
9.000712585449218750e+01
4.094812393188476562e+00
1.800000000000000000e+02
1.029609966278076172e+01
7.525874137878417969e+00
5.417033672332763672e+00
7.529679298400878906e+00
2.307662487030029297e+00
2.011686325073242188e+00
9.004770660400390625e+01
3.887963056564331055e+00
8.178076744079589844e+00
1.066664028167724609e+01
3.110301733016967773e+00
1.276868939399719238e+00
8.784871101379394531e-01
6.387826919555664062e+00
1.267640233039855957e+00
9.029109191894531250e+01
4.389544010162353516e+00
3.814851045608520508e+00
2.417513370513916016e+00
9.190177154541015625e+01
3.879290819168090820e+00
9.322785377502441406e+00
1.600311088562011719e+01
1.518095397949218750e+02
7.787622928619384766e+00
3.112103080749511719e+01
9.000005340576171875e+01
3.649802446365356445e+00
2.277784109115600586e+00
8.893465995788574219e+00
7.176819801330566406e+00
3.602718114852905273e+00
1.755911707878112793e+00
6.304219722747802734e+00
9.000371551513671875e+01
1.786910552978515625e+02
5.099248504638671875e+01
9.028271484375000000e+01
1.148015499114990234e+01
2.320518493652343750e+00
9.005310058593750000e+01
1.489925861358642578e+01
2.328769683837890625e+00
9.000031280517578125e+01
8.886393547058105469e+00
7.073184013366699219e+00
1.861304640769958496e+00
9.001049804687500000e+01
2.195859146118164062e+01
9.000061798095703125e+01
2.955255985260009766e+00
1.614205551147460938e+01
1.475070648193359375e+02
1.037816524505615234e+01
3.909861087799072266e+00
8.016186356544494629e-01
3.721207141876220703e+00
4.350411224365234375e+01
7.805748462677001953e+00
2.350519895553588867e+00
1.541546702384948730e+00
1.033104515075683594e+01
9.051632690429687500e+01
4.352798843383789062e+01
1.105512046813964844e+01
5.594995021820068359e+00
2.764704465866088867e+00
9.401970863342285156e+00
6.303163051605224609e+00
1.031862163543701172e+01
9.468766021728515625e+01
1.763020172119140625e+02
5.138354301452636719e+00
3.438492965698242188e+01
9.337277412414550781e+00
1.466588497161865234e+01
2.078484058380126953e+00
3.235432386398315430e+00
2.119325876235961914e+00
7.976637363433837891e+00
2.382938146591186523e+00
5.567113876342773438e+00
3.592704296112060547e+00
1.323230028152465820e+00
9.009357452392578125e+01
7.105614185333251953e+00
3.912264585494995117e+00
5.884432315826416016e+00
7.226617813110351562e+00
2.051204681396484375e+01
2.139545679092407227e+00
3.486723184585571289e+00
9.105850219726562500e+01
7.203450679779052734e+00
1.881062889099121094e+01
6.477108001708984375e+01
5.829547405242919922e+00
2.437188148498535156e+00
4.646544456481933594e+00
9.366826057434082031e+00
2.435260295867919922e+00
3.550933599472045898e+00
2.127068758010864258e+00
1.022590279579162598e+00
2.034901142120361328e+00
8.560982704162597656e+00
2.089824104309082031e+01
4.007998466491699219e+00
3.004395484924316406e+00
7.322201728820800781e+00
9.000000000000000000e+01
9.265334320068359375e+01
1.646815109252929688e+01
1.077018618583679199e+00
4.709855556488037109e+00
4.072176456451416016e+00
9.002009582519531250e+01
4.225309371948242188e+00
2.850049972534179688e+00
4.391506671905517578e+00
1.981495499610900879e+00
2.322204828262329102e+00
4.661444187164306641e+00
3.044525623321533203e+00
9.002227783203125000e+01
1.264239549636840820e+00
9.012651824951171875e+01
1.399976253509521484e+00
4.873390197753906250e+00
6.124263286590576172e+00
1.800000000000000000e+02
3.595754861831665039e+00
6.464596748352050781e+00
1.754553833007812500e+02
9.016545104980468750e+01
9.001818084716796875e+01
5.439703941345214844e+00
5.090929508209228516e+00
9.000032806396484375e+01
1.520607089996337891e+01
1.313943767547607422e+01
1.149945926666259766e+01
3.410336685180664062e+01
7.100698471069335938e+00
9.109163665771484375e+01
4.269391536712646484e+00
9.003533172607421875e+01
1.238016414642333984e+01
1.757306671142578125e+02
9.010172271728515625e+01
4.738467216491699219e+00
3.985853433609008789e+00
1.080264949798583984e+01
4.410998821258544922e+00
5.811497211456298828e+00
7.506924271583557129e-01
9.066645050048828125e+01
9.034292602539062500e+01
5.695123672485351562e+00
1.443200349807739258e+00
5.835596084594726562e+00
1.666923522949218750e+02
1.738663315773010254e+00
9.013593292236328125e+01
3.012594223022460938e+00
2.464183568954467773e+00
1.190123558044433594e+01
1.030975699424743652e+00
1.308367538452148438e+01
6.710369586944580078e+00
8.270895957946777344e+00
9.953249931335449219e+00
4.097585201263427734e+00
4.745985031127929688e+00
4.490040302276611328e+00
5.884831905364990234e+00
4.932527065277099609e+00
2.051758766174316406e+00
9.412654113769531250e+01
2.570549964904785156e+00
9.003330230712890625e+01
6.220503330230712891e+00
3.127249956130981445e+00
3.315170764923095703e+00
5.376656532287597656e+00
2.200870752334594727e+00
1.012204170227050781e+00
5.851629734039306641e+00
3.594339370727539062e+00
9.003530120849609375e+01
7.970777988433837891e+00
1.372166252136230469e+01
7.130638599395751953e+00
3.720996618270874023e+00
2.807282924652099609e+00
7.249061584472656250e+00
5.767349243164062500e+00
9.014303588867187500e+01
3.242323398590087891e+00
4.619994163513183594e+00
4.310197448730468750e+01
9.000194549560546875e+01
1.755433273315429688e+01
3.908658981323242188e+00
1.168288803100585938e+01
1.462247085571289062e+01
9.000221252441406250e+01
1.701002960205078125e+02
6.367042541503906250e+00
3.542211055755615234e+00
6.866785049438476562e+00
1.448236999511718750e+02
4.407089710235595703e+00
1.069216690063476562e+02
1.506881356239318848e+00
1.543576478958129883e+00
4.518740653991699219e+00
9.003311920166015625e+01
9.000883483886718750e+01
1.925726509094238281e+01
9.071621704101562500e+01
5.438263416290283203e+00
1.495671272277832031e+00
2.319337368011474609e+00
9.000330352783203125e+01
3.586080169677734375e+01
2.057664394378662109e+00
3.050948858261108398e+00
9.001286315917968750e+01
9.000199127197265625e+01
7.967216372489929199e-01
2.791199207305908203e+00
7.152723789215087891e+00
9.000003814697265625e+01
1.800000000000000000e+02
6.831332683563232422e+00
5.185271263122558594e+00
3.200267076492309570e+00
9.899126052856445312e+00
9.000228881835937500e+01
9.384980201721191406e+00
3.578511428833007812e+01
6.850427627563476562e+00
6.689645290374755859e+00
2.547757387161254883e+00
9.000618743896484375e+01
5.109215736389160156e+00
7.497661113739013672e+00
9.074250793457031250e+01
3.227185821533203125e+01
1.498635387420654297e+01
2.395717382431030273e+00
9.657750129699707031e+00
1.082093834877014160e+00
9.001312255859375000e+01
7.463085651397705078e+00
3.853969335556030273e+00
1.587876605987548828e+01
1.287892055511474609e+01
2.846429824829101562e+01
2.517461776733398438e+00
1.587594509124755859e+01
2.152678012847900391e+00
7.150200366973876953e+00
1.753157501220703125e+02
1.875967144966125488e+00
1.635750885009765625e+02
9.000011444091796875e+01
7.791704654693603516e+00
4.642580032348632812e+00
5.551391124725341797e+00
9.000053405761718750e+01
1.160958409309387207e+00
1.125655364990234375e+01
9.522787094116210938e+00
6.759175777435302734e+00
1.074286746978759766e+01
9.000155639648437500e+01
9.018499755859375000e+01
2.693844556808471680e+00
1.182311820983886719e+01
4.408422470092773438e+00
9.000318145751953125e+01
9.054246520996093750e+01
2.124609184265136719e+01
6.947265148162841797e+00
1.040177001953125000e+02
3.109168529510498047e+00
3.471190214157104492e+00
5.411025047302246094e+00
6.848766803741455078e+00
1.551164627075195312e+00
5.252998828887939453e+00
1.065327048301696777e+00
4.825153827667236328e+00
9.000742340087890625e+01
3.902140855789184570e+00
3.137841606140136719e+01
6.481137275695800781e+00
9.004098510742187500e+01
4.355501174926757812e+00
9.001863861083984375e+01
2.036055088043212891e+00
1.380908813476562500e+02
2.333135843276977539e+00
2.478913784027099609e+00
5.948968410491943359e+00
8.702922821044921875e+00
6.401992321014404297e+00
2.705879688262939453e+00
1.267424678802490234e+01
9.000944519042968750e+01
8.089085221290588379e-01
5.719823241233825684e-01
2.764846086502075195e+00
4.735324382781982422e+00
3.068713569641113281e+01
2.677080154418945312e+00
6.801868915557861328e+00
1.759934425354003906e+01
3.205157279968261719e+00
1.510187244415283203e+01
6.416860580444335938e+00
6.961931705474853516e+00
4.525497913360595703e+00
9.008830261230468750e+01
6.907284259796142578e+00
9.750783920288085938e+00
1.005562973022460938e+01
9.032315063476562500e+01
9.041474914550781250e+01
3.269860982894897461e+00
1.567229866981506348e+00
9.028105926513671875e+01
6.119010925292968750e+00
4.944903850555419922e+00
4.628804683685302734e+00
9.695824623107910156e+00
1.800000000000000000e+02
1.767555694580078125e+02
5.835730552673339844e+00
5.306958675384521484e+00
1.745279083251953125e+02
3.865333795547485352e+00
9.000015258789062500e+01
5.266335487365722656e+00
2.174208879470825195e+00
3.489866256713867188e+00
2.725054264068603516e+00
1.629428267478942871e+00
7.504723548889160156e+00
9.001268005371093750e+01
1.461257100105285645e+00
2.173308372497558594e+00
8.494794845581054688e+00
5.237906932830810547e+00
9.000960540771484375e+01
4.376943111419677734e+00
5.139650344848632812e+00
3.276559829711914062e+00
1.117783451080322266e+01
4.375242710113525391e+00
9.000237274169921875e+01
5.346833705902099609e+00
1.319302215576171875e+02
9.015651702880859375e+01
9.049775695800781250e+01
1.549031066894531250e+02
1.267994117736816406e+01
8.933492660522460938e+00
2.754205703735351562e+00
1.213313579559326172e+01
1.782033233642578125e+02
4.851311206817626953e+00
1.548333168029785156e+01
6.117793560028076172e+00
4.599767684936523438e+00
1.401474475860595703e+01
1.725120086669921875e+02
2.432686805725097656e+00
6.959902763366699219e+00
1.368961486816406250e+02
1.845041394233703613e+00
1.629263610839843750e+02
3.377422094345092773e+00
4.976026058197021484e+00
3.914266109466552734e+00
4.947122097015380859e+00
1.749972686767578125e+02
1.955647110939025879e+00
6.388195037841796875e+00
5.035361289978027344e+00
2.460367918014526367e+00
3.196594476699829102e+00
7.349163055419921875e+00
1.352511310577392578e+01
9.007428741455078125e+01
9.007040405273437500e+01
9.003775787353515625e+01
6.812472343444824219e+00
4.202349662780761719e+00
4.405222892761230469e+00
1.327954053878784180e+00
6.995548248291015625e+00
8.999999237060546875e+01
3.837573528289794922e+00
9.003705596923828125e+01
6.251690864562988281e+00
4.240485191345214844e+00
3.946154594421386719e+00
1.792532324790954590e+00
4.627873897552490234e+00
4.353881835937500000e+00
9.121675109863281250e+01
4.840476512908935547e+00
6.074057102203369141e+00
9.000247955322265625e+01
9.002301788330078125e+01
9.086432647705078125e+01
9.004160308837890625e+01
2.282590866088867188e+00
3.385296583175659180e+00
3.927950143814086914e+00
9.042060089111328125e+01
1.210320186614990234e+01
9.000491333007812500e+01
6.866099834442138672e+00
1.634013938903808594e+01
1.337173614501953125e+02
1.861688041687011719e+01
1.800000000000000000e+02
1.664598822593688965e+00
8.369639396667480469e+00
6.355391502380371094e+00
9.001750183105468750e+01
5.204658031463623047e+00
2.861018180847167969e+00
9.014735412597656250e+01
3.892191886901855469e+00
7.856028079986572266e+00
9.000003814697265625e+01
3.681637525558471680e+00
5.764630317687988281e+00
6.595169067382812500e+00
9.007555389404296875e+01
9.010450744628906250e+01
1.805585980415344238e+00
1.356817603111267090e+00
2.369429349899291992e+00
4.837642669677734375e+00
4.548035144805908203e+00
6.086438179016113281e+00
9.004736328125000000e+01
2.091438055038452148e+00
2.611252975463867188e+01
4.353701591491699219e+00
9.003706359863281250e+01
5.109369277954101562e+00
9.009491729736328125e+01
3.530473470687866211e+00
5.562112808227539062e+00
1.754774475097656250e+02
9.009711456298828125e+01
1.597480010986328125e+02
9.005574798583984375e+01
3.061965227127075195e+00
1.880135297775268555e+00
9.007666778564453125e+01
2.956050634384155273e+00
9.023403930664062500e+01
1.738682861328125000e+02
9.225220680236816406e+00
7.463043212890625000e+01
2.975061655044555664e+00
1.246469020843505859e+00
9.020968627929687500e+01
1.270644454956054688e+02
4.923462867736816406e+00
9.075371551513671875e+01
2.231715965270996094e+01
6.209525108337402344e+00
7.140755653381347656e+00
2.055492782592773438e+01
1.715078582763671875e+02
2.075279951095581055e+00
9.000087738037109375e+01
9.008048248291015625e+01
2.066775083541870117e+00
1.732348561286926270e+00
4.238822460174560547e+00
3.383329868316650391e+00
1.497988433837890625e+02
3.723942041397094727e+00
8.151819229125976562e+00
1.074836134910583496e+00
1.787275848388671875e+02
7.885356903076171875e+00
5.803532123565673828e+00
2.614790916442871094e+00
5.936743164062500000e+01
6.410378932952880859e+00
9.014910888671875000e+01
2.027771711349487305e+00
2.192561531066894531e+01
5.326565742492675781e+00
2.183112907409667969e+01
1.110579872131347656e+01
5.520806312561035156e+00
5.594014167785644531e+00
1.008718371391296387e+00
1.791981353759765625e+02
7.926374912261962891e+00
1.173068904876708984e+01
9.000188446044921875e+01
4.438972949981689453e+00
4.958198070526123047e+00
1.674607543945312500e+02
4.539240837097167969e+00
2.253943681716918945e+00
2.244894742965698242e+00
1.035520911216735840e+00
8.896735191345214844e+00
8.934987068176269531e+00
1.607421278953552246e+00
1.571637268066406250e+02
9.113264083862304688e+00
2.591481208801269531e+00
1.488860321044921875e+01
9.001177215576171875e+01
8.585539817810058594e+00
4.318651199340820312e+00
1.146712541580200195e+00
1.894652009010314941e+00
6.727591037750244141e+00
3.257976913452148438e+01
1.330953025817871094e+01
1.073662185668945312e+02
1.269500656127929688e+02
1.874778366088867188e+01
9.001377105712890625e+01
1.411351203918457031e+01
9.128765106201171875e+01
9.007878112792968750e+01
9.002174377441406250e+01
6.129894733428955078e+00
1.361996555328369141e+01
2.337829113006591797e+00
3.817211389541625977e+00
6.167963027954101562e+00
3.816112136840820312e+01
1.316519260406494141e+01
1.918058872222900391e+00
3.818955183029174805e+00
7.818160533905029297e+00
3.438548326492309570e+00
4.363677501678466797e+00
9.000527954101562500e+01
3.536042785644531250e+01
2.443444252014160156e+00
9.001559448242187500e+01
3.320481300354003906e+00
9.013277435302734375e+01
1.256667804718017578e+01
1.168126869201660156e+01
1.094544410705566406e+01
3.626984596252441406e+00
9.004847717285156250e+01
9.031580352783203125e+01
9.046936798095703125e+01
1.742935299873352051e+00
9.036251068115234375e+01
1.105989265441894531e+01
4.804811000823974609e+00
5.172180652618408203e+00
7.011624813079833984e+00
1.412839202880859375e+02
3.512570381164550781e+00
4.519347190856933594e+00
2.723329782485961914e+00
7.829851627349853516e+00
4.170445442199707031e+00
9.008047485351562500e+01
5.115807533264160156e+00
3.129252433776855469e+00
2.337996482849121094e+00
1.018858337402343750e+01
5.337223529815673828e+00
2.536361694335937500e+00
2.299335718154907227e+00
2.520103931427001953e+00
1.493449783325195312e+01
1.033493728637695312e+02
4.957407474517822266e+00
9.000002288818359375e+01
1.716115264892578125e+02
9.010415649414062500e+01
4.190589427947998047e+00
2.720309495925903320e+00
2.901510238647460938e+00
1.690157623291015625e+02
1.705479741096496582e+00
9.011856842041015625e+01
9.003422546386718750e+01
8.893067359924316406e+00
3.128251314163208008e+00
9.000272369384765625e+01
8.163900375366210938e+00
1.230815124511718750e+02
7.693706989288330078e+00
9.004117584228515625e+01
7.026436328887939453e+00
7.870905876159667969e+00
2.872626066207885742e+00
6.924244403839111328e+00
2.925127220153808594e+01
1.512749099731445312e+01
9.000584411621093750e+01
1.148758530616760254e+00
6.226929664611816406e+00
9.002855682373046875e+01
4.518133640289306641e+00
4.418186187744140625e+00
6.018680572509765625e+00
1.834403753280639648e+00
9.004772949218750000e+01
5.001474380493164062e+00
8.375925064086914062e+00
9.017969512939453125e+01
9.519969940185546875e+01
1.283289432525634766e+00
4.506500244140625000e+00
1.621625518798828125e+01
9.000276947021484375e+01
2.948093175888061523e+00
3.324370622634887695e+00
9.000002288818359375e+01
3.839002132415771484e+00
1.296064605712890625e+02
3.885948181152343750e+00
2.243150234222412109e+00
4.287336349487304688e+00
9.000931549072265625e+01
1.800000000000000000e+02
8.647496223449707031e+00
5.936566352844238281e+00
1.863406419754028320e+00
6.853232860565185547e+00
9.000003814697265625e+01
9.043455505371093750e+01
1.034307384490966797e+01
7.486975193023681641e+00
1.673111915588378906e+01
1.643629913330078125e+02
9.000815582275390625e+01
9.006234741210937500e+01
2.223871946334838867e+00
1.448747539520263672e+01
7.419100761413574219e+00
9.014702606201171875e+01
9.076548004150390625e+01
9.001134490966796875e+01
9.003800201416015625e+01
1.778062582015991211e+00
9.721947669982910156e+00
6.488817214965820312e+00
1.800000000000000000e+02
6.815120697021484375e+00
3.421652555465698242e+00
9.006227111816406250e+01
3.331195116043090820e+00
4.480083465576171875e+00
9.006883239746093750e+01
4.403265476226806641e+00
4.737723350524902344e+00
3.316351652145385742e+00
2.510298490524291992e+00
4.699696063995361328e+00
9.001467132568359375e+01
8.242358207702636719e+00
3.123918151855468750e+01
3.879391670227050781e+00
8.215970993041992188e+00
7.217543601989746094e+00
4.799018383026123047e+00
9.024874877929687500e+01
2.358666181564331055e+00
3.483801841735839844e+00
5.742828845977783203e+00
1.498285651206970215e+00
1.609725799560546875e+02
7.276722908020019531e+00
3.891789436340332031e+00
5.516829013824462891e+00
4.182824134826660156e+00
1.664128541946411133e+00
3.531360387802124023e+00
4.324184417724609375e+01
3.826536178588867188e+00
6.278415679931640625e+00
9.003372192382812500e+01
8.155767440795898438e+00
7.890135765075683594e+00
8.550055503845214844e+00
2.362977504730224609e+00
1.525210976600646973e+00
4.275351047515869141e+00
1.037899971008300781e+01
2.724192142486572266e+00
1.231263732910156250e+01
7.428405284881591797e+00
5.305924892425537109e+00
2.001934051513671875e+00
7.871205139160156250e+01
3.086291551589965820e+00
9.857640266418457031e+00
4.133654594421386719e+00
8.437406539916992188e+00
4.989944458007812500e+00
2.005450248718261719e+00
9.718317413330078125e+01
5.351669788360595703e+00
9.355390930175781250e+01
9.011962127685546875e+01
5.080219268798828125e+00
2.121909856796264648e+00
2.100029706954956055e+00
3.620608568191528320e+00
6.043902397155761719e+00
1.862565875053405762e+00
2.009349822998046875e+00
8.263771057128906250e+00
2.946764945983886719e+00
1.693964195251464844e+01
8.388060569763183594e+00
7.240666389465332031e+00
