2.010847568511962891e+00
1.020589232444763184e+00
9.777572154998779297e-01
8.960138559341430664e-01
9.809212684631347656e-01
1.374207139015197754e+00
2.147811174392700195e+00
9.437367916107177734e-01
2.068822145462036133e+00
1.152098655700683594e+00
1.340592503547668457e+00
1.318151473999023438e+00
1.268186569213867188e+00
2.355574607849121094e+00
8.476136326789855957e-01
9.899927377700805664e-01
9.933548569679260254e-01
1.630632042884826660e+00
8.666087388992309570e-01
1.006377816200256348e+00
1.007303476333618164e+00
9.618825912475585938e-01
1.356272578239440918e+00
3.906934976577758789e+00
8.953661918640136719e-01
1.655409693717956543e+00
1.185803651809692383e+00
1.245875954627990723e+00
1.013935565948486328e+00
1.590661168098449707e+00
1.055942773818969727e+00
1.566268205642700195e+00
8.980602025985717773e-01
1.105945587158203125e+00
1.071187973022460938e+00
1.125495314598083496e+00
8.447806239128112793e-01
9.588025212287902832e-01
2.063072204589843750e+00
1.680996298789978027e+00
1.055098772048950195e+00
1.125469923019409180e+00
9.715976119041442871e-01
1.489142537117004395e+00
1.820801138877868652e+00
1.022146105766296387e+00
8.324724435806274414e-01
9.241405129432678223e-01
1.041148424148559570e+00
2.015140771865844727e+00
1.355740189552307129e+00
1.572474002838134766e+00
9.421645998954772949e-01
1.327051877975463867e+00
9.764738082885742188e-01
2.326913595199584961e+00
1.109832406044006348e+00
2.176934242248535156e+00
1.124063014984130859e+00
1.425974130630493164e+00
1.371362686157226562e+00
9.721083641052246094e-01
8.574768304824829102e-01
2.355454206466674805e+00
1.080781459808349609e+00
1.297040581703186035e+00
1.145748257637023926e+00
1.315675497055053711e+00
1.028615832328796387e+00
1.388083577156066895e+00
9.587921500205993652e-01
9.623439311981201172e-01
1.045704126358032227e+00
2.252550363540649414e+00
9.597545862197875977e-01
7.307889461517333984e-01
1.139590263366699219e+00
1.190224409103393555e+00
8.194212913513183594e-01
1.049278259277343750e+00
1.609369397163391113e+00
1.264663934707641602e+00
1.491993665695190430e+00
1.298861742019653320e+00
1.115676760673522949e+00
9.676113128662109375e-01
8.582820892333984375e-01
9.154701232910156250e-01
1.050372838973999023e+00
8.954319953918457031e-01
9.601590633392333984e-01
2.266863107681274414e+00
1.024966478347778320e+00
2.472778558731079102e+00
9.684115052223205566e-01
1.131847500801086426e+00
1.556719899177551270e+00
8.707419633865356445e-01
1.134791851043701172e+00
1.216927289962768555e+00
1.118065834045410156e+00
1.323420643806457520e+00
9.925050735473632812e-01
1.301101684570312500e+00
2.058915853500366211e+00
1.624850392341613770e+00
1.351868271827697754e+00
9.999855160713195801e-01
1.353807806968688965e+00
1.547383785247802734e+00
1.051145911216735840e+00
1.171544909477233887e+00
1.001279592514038086e+00
1.004469633102416992e+00
1.427366018295288086e+00
1.850319147109985352e+00
1.025759935379028320e+00
8.904378414154052734e-01
1.677354216575622559e+00
1.670210838317871094e+00
1.389123320579528809e+00
1.880835533142089844e+00
1.485718369483947754e+00
1.336405992507934570e+00
1.535131454467773438e+00
1.928631544113159180e+00
2.257597684860229492e+00
1.216650366783142090e+00
1.109863519668579102e+00
1.144703626632690430e+00
1.527162432670593262e+00
5.616277456283569336e-01
1.587745904922485352e+00
1.837040424346923828e+00
8.703321814537048340e-01
1.265470385551452637e+00
1.436863422393798828e+00
6.371795535087585449e-01
1.282463669776916504e+00
9.218355417251586914e-01
9.962576627731323242e-01
1.757973194122314453e+00
1.316646814346313477e+00
1.456212997436523438e+00
2.388034820556640625e+00
9.480855464935302734e-01
9.068746566772460938e-01
1.541393280029296875e+00
1.291799426078796387e+00
1.750674128532409668e+00
1.062519311904907227e+00
1.305349946022033691e+00
1.205181241035461426e+00
1.961912870407104492e+00
1.200471997261047363e+00
7.781866192817687988e-01
1.013715744018554688e+00
8.459635376930236816e-01
1.866225004196166992e+00
1.075463056564331055e+00
1.109368324279785156e+00
1.316440820693969727e+00
1.620584487915039062e+00
3.004680871963500977e+00
1.381240248680114746e+00
8.973977565765380859e-01
1.007822513580322266e+00
1.506471633911132812e+00
2.315639495849609375e+00
9.084904193878173828e-01
1.520338296890258789e+00
1.277871489524841309e+00
1.575746655464172363e+00
1.536768555641174316e+00
1.120186924934387207e+00
1.642503499984741211e+00
9.350653886795043945e-01
1.042193055152893066e+00
1.047077894210815430e+00
8.800753951072692871e-01
1.541970252990722656e+00
1.610417485237121582e+00
1.059764981269836426e+00
1.169988632202148438e+00
1.371259093284606934e+00
7.322028279304504395e-01
7.855964303016662598e-01
1.108173966407775879e+00
1.091673612594604492e+00
9.585726261138916016e-01
1.185462832450866699e+00
1.055980086326599121e+00
1.005683898925781250e+00
1.295997381210327148e+00
8.231703639030456543e-01
1.262589573860168457e+00
1.674949765205383301e+00
1.036307930946350098e+00
2.069780111312866211e+00
1.119853019714355469e+00
9.462474584579467773e-01
8.598796725273132324e-01
1.136973857879638672e+00
1.231585383415222168e+00
1.253242015838623047e+00
1.145208001136779785e+00
9.581199884414672852e-01
1.763804435729980469e+00
1.719141721725463867e+00
9.702234268188476562e-01
9.931560158729553223e-01
1.279360294342041016e+00
9.329499006271362305e-01
1.061526894569396973e+00
1.358307600021362305e+00
2.235261678695678711e+00
6.180316805839538574e-01
9.483265280723571777e-01
8.325486183166503906e-01
1.583124160766601562e+00
1.365178823471069336e+00
9.361760616302490234e-01
1.083094835281372070e+00
7.173664569854736328e-01
1.129850745201110840e+00
1.465427756309509277e+00
1.379725575447082520e+00
7.575104236602783203e-01
1.208287954330444336e+00
9.921553730964660645e-01
1.450859069824218750e+00
1.532212495803833008e+00
1.185672402381896973e+00
1.021559119224548340e+00
1.236354231834411621e+00
1.574443459510803223e+00
1.006082177162170410e+00
1.778774142265319824e+00
1.081171870231628418e+00
9.750208854675292969e-01
2.239252328872680664e+00
1.194120407104492188e+00
1.397726297378540039e+00
1.193644642829895020e+00
1.534334301948547363e+00
1.498831510543823242e+00
7.704057693481445312e-01
1.055380821228027344e+00
1.918184757232666016e+00
1.275100588798522949e+00
1.116313338279724121e+00
9.424083828926086426e-01
1.507903575897216797e+00
1.179921030998229980e+00
2.225462913513183594e+00
2.447477817535400391e+00
9.185369610786437988e-01
9.517224431037902832e-01
1.030640244483947754e+00
1.025326490402221680e+00
1.095688700675964355e+00
2.016046524047851562e+00
9.548176527023315430e-01
8.716803193092346191e-01
1.387712121009826660e+00
1.340120434761047363e+00
1.022584795951843262e+00
1.058644771575927734e+00
8.052577972412109375e-01
1.132048010826110840e+00
1.015373945236206055e+00
1.240323781967163086e+00
1.363515019416809082e+00
8.975980281829833984e-01
2.161200761795043945e+00
9.129101037979125977e-01
1.524816870689392090e+00
1.278036475181579590e+00
1.261664032936096191e+00
1.651556253433227539e+00
8.779621720314025879e-01
6.709681749343872070e-01
1.730712056159973145e+00
1.094319939613342285e+00
1.047661066055297852e+00
6.693570613861083984e-01
1.246414422988891602e+00
1.292970895767211914e+00
1.604982733726501465e+00
9.352874755859375000e-01
1.488758444786071777e+00
1.173534274101257324e+00
1.641366004943847656e+00
1.480522155761718750e+00
1.096294641494750977e+00
1.019349455833435059e+00
1.025825977325439453e+00
8.926889300346374512e-01
1.083536982536315918e+00
9.915058612823486328e-01
1.152502536773681641e+00
8.800413012504577637e-01
2.161612749099731445e+00
1.322137117385864258e+00
8.039478659629821777e-01
8.953981399536132812e-01
1.066427707672119141e+00
1.726552248001098633e+00
6.107074022293090820e-01
1.072285294532775879e+00
9.305077195167541504e-01
1.301882743835449219e+00
2.367703437805175781e+00
1.261843562126159668e+00
1.363481521606445312e+00
1.364864945411682129e+00
1.699733376502990723e+00
8.334752917289733887e-01
1.505317926406860352e+00
8.715253472328186035e-01
1.107695341110229492e+00
1.056716322898864746e+00
1.230576872825622559e+00
1.299720287322998047e+00
1.340752840042114258e+00
1.321544647216796875e+00
1.222505092620849609e+00
9.405934214591979980e-01
9.375124573707580566e-01
1.360683917999267578e+00
8.492234349250793457e-01
2.163050413131713867e+00
1.381049394607543945e+00
1.533730268478393555e+00
1.540879964828491211e+00
1.422706007957458496e+00
1.120829105377197266e+00
1.323454260826110840e+00
9.766592383384704590e-01
1.912945628166198730e+00
1.331620812416076660e+00
1.209488987922668457e+00
1.485026717185974121e+00
1.303224444389343262e+00
2.546184062957763672e+00
7.755115032196044922e-01
8.946521282196044922e-01
1.523185133934020996e+00
1.037024021148681641e+00
1.336008548736572266e+00
2.465387344360351562e+00
1.249036192893981934e+00
1.394416809082031250e+00
9.613140225410461426e-01
1.277183651924133301e+00
1.483257412910461426e+00
9.009068012237548828e-01
1.335253119468688965e+00
3.216506719589233398e+00
9.889752864837646484e-01
1.167249321937561035e+00
1.115329742431640625e+00
1.032322645187377930e+00
1.081303119659423828e+00
9.680723547935485840e-01
9.777634739875793457e-01
1.748547554016113281e+00
9.853624701499938965e-01
9.227203130722045898e-01
1.366912126541137695e+00
1.174810409545898438e+00
1.088764190673828125e+00
1.131440162658691406e+00
9.454241991043090820e-01
9.308216571807861328e-01
1.302836179733276367e+00
1.138507246971130371e+00
1.055351495742797852e+00
9.753974080085754395e-01
9.757148027420043945e-01
9.222474098205566406e-01
1.742606401443481445e+00
1.165394067764282227e+00
1.218900561332702637e+00
1.604048013687133789e+00
9.206537008285522461e-01
1.086549043655395508e+00
1.042285561561584473e+00
9.956735372543334961e-01
9.131376743316650391e-01
1.269726157188415527e+00
8.700494170188903809e-01
1.211082577705383301e+00
2.323727369308471680e+00
1.476792454719543457e+00
1.516947746276855469e+00
1.733829617500305176e+00
1.268498182296752930e+00
1.219095110893249512e+00
1.436002850532531738e+00
1.052698612213134766e+00
1.165559291839599609e+00
7.498700618743896484e-01
1.453235626220703125e+00
1.620981454849243164e+00
9.701100587844848633e-01
1.260096192359924316e+00
1.373691201210021973e+00
8.644651174545288086e-01
1.622353553771972656e+00
7.978178262710571289e-01
1.287220239639282227e+00
6.905565857887268066e-01
1.934777140617370605e+00
1.381993651390075684e+00
9.695261716842651367e-01
1.373970508575439453e+00
1.073804616928100586e+00
9.709339737892150879e-01
8.650962710380554199e-01
1.279020071029663086e+00
1.296379208564758301e+00
1.315511345863342285e+00
1.040313005447387695e+00
1.217135667800903320e+00
1.315238118171691895e+00
1.217329502105712891e+00
1.099008798599243164e+00
1.476811528205871582e+00
1.828459739685058594e+00
1.165892958641052246e+00
9.492201209068298340e-01
1.000905632972717285e+00
1.251576542854309082e+00
1.431485891342163086e+00
8.949974179267883301e-01
1.526447772979736328e+00
1.442375898361206055e+00
1.109076142311096191e+00
1.159724473953247070e+00
2.089262247085571289e+00
1.893705248832702637e+00
1.154916405677795410e+00
1.050792455673217773e+00
1.412443637847900391e+00
1.538806438446044922e+00
1.196195006370544434e+00
1.084583520889282227e+00
1.907479047775268555e+00
1.616833806037902832e+00
1.537180304527282715e+00
1.245412468910217285e+00
1.036842226982116699e+00
1.165924787521362305e+00
1.365142107009887695e+00
1.616759538650512695e+00
1.132857203483581543e+00
1.822589039802551270e+00
1.195030212402343750e+00
8.564087748527526855e-01
9.427539110183715820e-01
1.233220100402832031e+00
1.027953505516052246e+00
1.121383190155029297e+00
9.940792918205261230e-01
1.130308628082275391e+00
7.194754481315612793e-01
1.154819846153259277e+00
1.645535945892333984e+00
1.251406192779541016e+00
1.649009704589843750e+00
2.540406942367553711e+00
2.539034605026245117e+00
9.414057135581970215e-01
1.325477361679077148e+00
1.111708998680114746e+00
1.184790015220642090e+00
1.771891117095947266e+00
1.423849344253540039e+00
1.617529749870300293e+00
1.390714049339294434e+00
1.213239669799804688e+00
1.241231083869934082e+00
1.087744474411010742e+00
1.929174184799194336e+00
9.754109382629394531e-01
1.046863794326782227e+00
8.035153746604919434e-01
1.522337794303894043e+00
1.290524721145629883e+00
9.668395519256591797e-01
1.685972571372985840e+00
1.004038810729980469e+00
1.666058182716369629e+00
1.320544242858886719e+00
9.176685214042663574e-01
8.734558224678039551e-01
1.437826991081237793e+00
1.769628882408142090e+00
1.024494886398315430e+00
1.541511416435241699e+00
1.440845012664794922e+00
1.267233014106750488e+00
1.364398479461669922e+00
3.389888107776641846e-01
1.005376935005187988e+00
1.311071753501892090e+00
1.542335629463195801e+00
1.134206414222717285e+00
2.185324907302856445e+00
9.303568005561828613e-01
1.479377985000610352e+00
1.443962454795837402e+00
1.476770520210266113e+00
1.333878517150878906e+00
9.658327698707580566e-01
1.051352262496948242e+00
2.026343584060668945e+00
1.118858814239501953e+00
1.638700485229492188e+00
1.036322236061096191e+00
1.423054218292236328e+00
1.201580405235290527e+00
1.334565520286560059e+00
8.817919492721557617e-01
1.139349341392517090e+00
2.137979745864868164e+00
7.913559079170227051e-01
2.230587244033813477e+00
1.187791824340820312e+00
2.271741867065429688e+00
1.019379615783691406e+00
2.248551845550537109e+00
1.290308117866516113e+00
8.817993998527526855e-01
7.813887596130371094e-01
1.535946846008300781e+00
8.245595693588256836e-01
1.780047655105590820e+00
1.299623250961303711e+00
1.040344119071960449e+00
2.373078107833862305e+00
1.147232294082641602e+00
1.726574182510375977e+00
1.741460561752319336e+00
1.759179592132568359e+00
2.391880035400390625e+00
1.411699414253234863e+00
9.324285984039306641e-01
2.118420124053955078e+00
1.303788423538208008e+00
1.010790467262268066e+00
1.834287881851196289e+00
1.547430038452148438e+00
1.313187003135681152e+00
1.066133022308349609e+00
1.861264348030090332e+00
8.460505604743957520e-01
1.163972616195678711e+00
1.033967971801757812e+00
1.252551436424255371e+00
1.200017333030700684e+00
9.784460663795471191e-01
1.156453132629394531e+00
1.500512123107910156e+00
1.506101965904235840e+00
1.468724012374877930e+00
1.577073097229003906e+00
1.068116784095764160e+00
8.576232194900512695e-01
1.294404029846191406e+00
1.579642534255981445e+00
9.985607266426086426e-01
1.166622996330261230e+00
9.115168452262878418e-01
8.363603353500366211e-01
9.182469248771667480e-01
1.225188136100769043e+00
9.803439974784851074e-01
1.919202685356140137e+00
1.848168730735778809e+00
1.731734871864318848e+00
9.908236861228942871e-01
1.472382545471191406e+00
1.686375498771667480e+00
1.244403719902038574e+00
9.332646131515502930e-01
8.929193019866943359e-01
1.080921888351440430e+00
1.859056591987609863e+00
1.227755308151245117e+00
1.033804774284362793e+00
1.268017649650573730e+00
1.141783356666564941e+00
1.172980785369873047e+00
1.343427538871765137e+00
1.780496835708618164e+00
1.088789820671081543e+00
2.860713243484497070e+00
1.076448559761047363e+00
9.806169867515563965e-01
1.713341712951660156e+00
1.154995918273925781e+00
2.830277681350708008e+00
9.797668457031250000e-01
1.221230864524841309e+00
1.452362656593322754e+00
1.357682824134826660e+00
3.416608095169067383e+00
1.597532749176025391e+00
9.002476334571838379e-01
1.740314364433288574e+00
1.447393417358398438e+00
9.946717619895935059e-01
2.258765935897827148e+00
8.256768584251403809e-01
1.240155100822448730e+00
2.030472278594970703e+00
1.509933948516845703e+00
2.236392498016357422e+00
9.243234395980834961e-01
1.205376148223876953e+00
1.197054028511047363e+00
1.639051079750061035e+00
1.424976706504821777e+00
9.817110300064086914e-01
1.181583404541015625e+00
9.909566044807434082e-01
1.069797039031982422e+00
1.491037368774414062e+00
1.128868579864501953e+00
1.638528704643249512e+00
1.401934981346130371e+00
2.190653800964355469e+00
1.493318438529968262e+00
1.264942765235900879e+00
2.498879671096801758e+00
1.297401309013366699e+00
1.833029866218566895e+00
1.165537834167480469e+00
1.120018959045410156e+00
1.500565052032470703e+00
9.606230258941650391e-01
9.185869693756103516e-01
1.751085162162780762e+00
1.125793576240539551e+00
1.689338088035583496e+00
1.331245422363281250e+00
8.672235012054443359e-01
8.605414032936096191e-01
9.514598250389099121e-01
1.123521208763122559e+00
1.025063991546630859e+00
1.523967742919921875e+00
1.732409715652465820e+00
1.777358531951904297e+00
8.460976481437683105e-01
1.029372096061706543e+00
1.525547266006469727e+00
1.011818766593933105e+00
1.581447482109069824e+00
9.950502514839172363e-01
1.675143718719482422e+00
1.139267444610595703e+00
1.550340175628662109e+00
1.441601514816284180e+00
1.409018754959106445e+00
1.283494353294372559e+00
1.631491661071777344e+00
1.337468504905700684e+00
9.819542765617370605e-01
1.070006489753723145e+00
9.892405867576599121e-01
6.469973921775817871e-01
9.460474252700805664e-01
1.084856629371643066e+00
1.459283709526062012e+00
1.534985065460205078e+00
9.064296483993530273e-01
9.723784923553466797e-01
1.166578054428100586e+00
1.779306650161743164e+00
1.240107059478759766e+00
1.995744466781616211e+00
1.500651955604553223e+00
1.792731165885925293e+00
8.624220490455627441e-01
1.246906161308288574e+00
2.253046035766601562e+00
1.327841162681579590e+00
1.249495625495910645e+00
1.108901500701904297e+00
8.075489401817321777e-01
2.202453374862670898e+00
1.261244893074035645e+00
8.605581521987915039e-01
1.634426832199096680e+00
1.273694634437561035e+00
1.281160712242126465e+00
1.243564724922180176e+00
1.182690143585205078e+00
1.529661059379577637e+00
8.647605180740356445e-01
8.457245826721191406e-01
3.907362461090087891e+00
1.542351126670837402e+00
1.647319674491882324e+00
1.173753857612609863e+00
1.027619481086730957e+00
1.385140538215637207e+00
1.008072972297668457e+00
1.195365548133850098e+00
9.431296586990356445e-01
1.112150430679321289e+00
1.096745491027832031e+00
1.189612269401550293e+00
2.567717790603637695e+00
1.594811677932739258e+00
1.176455259323120117e+00
1.646785497665405273e+00
1.231914401054382324e+00
1.135667204856872559e+00
1.519807338714599609e+00
1.471032738685607910e+00
1.224246740341186523e+00
1.021202921867370605e+00
8.486316204071044922e-01
1.248685359954833984e+00
7.068070769309997559e-01
1.059849381446838379e+00
9.706188440322875977e-01
1.386365413665771484e+00
1.880007982254028320e+00
8.962175846099853516e-01
1.065049886703491211e+00
8.770775198936462402e-01
9.371351599693298340e-01
8.022554516792297363e-01
1.076669812202453613e+00
9.625389575958251953e-01
1.017402768135070801e+00
9.451886415481567383e-01
1.515446186065673828e+00
1.825257778167724609e+00
1.020003318786621094e+00
1.019053220748901367e+00
8.944587707519531250e-01
1.183250427246093750e+00
1.118541479110717773e+00
9.825682640075683594e-01
1.520667552947998047e+00
1.070867180824279785e+00
1.654004216194152832e+00
1.841587901115417480e+00
9.674242138862609863e-01
1.322931528091430664e+00
1.350668072700500488e+00
1.503469109535217285e+00
2.302951812744140625e+00
1.020898461341857910e+00
9.812946915626525879e-01
1.198754429817199707e+00
1.276543974876403809e+00
1.652333140373229980e+00
1.580024361610412598e+00
1.017403483390808105e+00
1.207978725433349609e+00
9.616249799728393555e-01
8.856671452522277832e-01
8.397352099418640137e-01
1.059592723846435547e+00
1.239328145980834961e+00
1.683724761009216309e+00
1.442124366760253906e+00
8.999069929122924805e-01
9.362063407897949219e-01
1.014546751976013184e+00
1.257945775985717773e+00
1.248968482017517090e+00
1.161958217620849609e+00
1.360167145729064941e+00
1.141130566596984863e+00
1.251585364341735840e+00
9.246404170989990234e-01
1.189767122268676758e+00
1.438728928565979004e+00
1.777055978775024414e+00
8.342022299766540527e-01
1.624202132225036621e+00
1.294645309448242188e+00
1.272818207740783691e+00
1.558972835540771484e+00
1.008746385574340820e+00
9.359888434410095215e-01
1.549586892127990723e+00
6.646142601966857910e-01
1.999781966209411621e+00
8.199957609176635742e-01
1.773937821388244629e+00
9.135388731956481934e-01
1.098491907119750977e+00
1.468907833099365234e+00
1.079381346702575684e+00
1.078295469284057617e+00
1.232984185218811035e+00
1.393715381622314453e+00
8.895077705383300781e-01
7.742223143577575684e-01
1.215739965438842773e+00
