7.929343730211257935e-02
5.574720352888107300e-02
4.310128837823867798e-02
3.960120677947998047e-02
4.647300764918327332e-02
6.747583299875259399e-02
3.894732519984245300e-02
4.900950565934181213e-02
7.721704989671707153e-02
4.670345038175582886e-02
4.777878150343894958e-02
4.220989719033241272e-02
6.530811637639999390e-02
7.017131149768829346e-02
6.155451387166976929e-02
4.541873931884765625e-02
4.234071448445320129e-02
3.606043756008148193e-02
4.453840851783752441e-02
4.439745843410491943e-02
5.944329127669334412e-02
4.560066387057304382e-02
3.939110040664672852e-02
6.553122401237487793e-02
4.750939458608627319e-02
3.957354649901390076e-02
4.225083068013191223e-02
4.672274738550186157e-02
4.488363489508628845e-02
5.177419260144233704e-02
4.811071604490280151e-02
4.140917211771011353e-02
8.857172727584838867e-02
4.306189715862274170e-02
4.937886074185371399e-02
6.559470295906066895e-02
4.162501916289329529e-02
9.189785271883010864e-02
4.085424914956092834e-02
4.390871524810791016e-02
5.061374977231025696e-02
4.317147284746170044e-02
4.370751976966857910e-02
6.274767220020294189e-02
5.361905321478843689e-02
5.707499757409095764e-02
3.736468404531478882e-02
5.025630816817283630e-02
3.623870015144348145e-02
5.282251536846160889e-02
4.220529645681381226e-02
4.035395383834838867e-02
3.373264148831367493e-02
5.715155974030494690e-02
4.848860949277877808e-02
3.931323811411857605e-02
6.051301583647727966e-02
3.970727697014808655e-02
4.537798836827278137e-02
5.955814570188522339e-02
5.538847669959068298e-02
4.300570487976074219e-02
7.870876789093017578e-02
6.809441000223159790e-02
5.111585929989814758e-02
4.194330424070358276e-02
3.831949830055236816e-02
6.625445932149887085e-02
3.931370005011558533e-02
4.528123512864112854e-02
4.921194165945053101e-02
6.165787950158119202e-02
4.209351167082786560e-02
5.953459441661834717e-02
5.052752792835235596e-02
6.278023868799209595e-02
5.206641554832458496e-02
1.075331792235374451e-01
4.924853518605232239e-02
4.619235545396804810e-02
6.558582931756973267e-02
4.273334145545959473e-02
4.856091737747192383e-02
3.552729263901710510e-02
3.889485821127891541e-02
4.531320556998252869e-02
4.257093369960784912e-02
5.162405967712402344e-02
3.438325598835945129e-02
5.485720187425613403e-02
4.437264427542686462e-02
3.450084850192070007e-02
7.412892580032348633e-02
7.012642174959182739e-02
4.312067106366157532e-02
4.260336607694625854e-02
4.065149277448654175e-02
5.054291710257530212e-02
4.032613337039947510e-02
5.458967015147209167e-02
4.718859866261482239e-02
4.105731844902038574e-02
4.535060748457908630e-02
4.401691630482673645e-02
3.416475281119346619e-02
5.249087512493133545e-02
4.156812652945518494e-02
4.354297369718551636e-02
4.079273343086242676e-02
7.495629787445068359e-02
5.022906512022018433e-02
5.362804979085922241e-02
4.127771407365798950e-02
4.405197128653526306e-02
6.694940477609634399e-02
3.961953148245811462e-02
4.301774129271507263e-02
5.835673585534095764e-02
3.770184889435768127e-02
3.624975308775901794e-02
4.523746296763420105e-02
4.394722729921340942e-02
6.133536249399185181e-02
4.326057806611061096e-02
4.855920746922492981e-02
3.837554901838302612e-02
6.452661007642745972e-02
6.165524572134017944e-02
4.477725178003311157e-02
4.648327827453613281e-02
4.846361279487609863e-02
6.138569116592407227e-02
4.023050144314765930e-02
4.551796615123748779e-02
4.611284658312797546e-02
3.656875714659690857e-02
4.176254943013191223e-02
8.724074810743331909e-02
8.647666126489639282e-02
3.505116328597068787e-02
4.378788173198699951e-02
4.015659913420677185e-02
4.221489280462265015e-02
4.713778570294380188e-02
7.004476338624954224e-02
4.217213392257690430e-02
4.369654506444931030e-02
5.520366504788398743e-02
4.505502805113792419e-02
4.601387679576873779e-02
3.757949918508529663e-02
4.100163280963897705e-02
3.983023390173912048e-02
3.762681782245635986e-02
5.511693656444549561e-02
4.733728617429733276e-02
5.029164254665374756e-02
4.123353585600852966e-02
4.593342170119285583e-02
4.772238433361053467e-02
5.259321630001068115e-02
5.240284278988838196e-02
5.411347001791000366e-02
5.888380110263824463e-02
4.217460379004478455e-02
4.517892748117446899e-02
7.059855759143829346e-02
5.070380121469497681e-02
4.664183035492897034e-02
6.676665693521499634e-02
4.432670772075653076e-02
4.797216504812240601e-02
5.777679383754730225e-02
4.375653713941574097e-02
4.845834150910377502e-02
4.162520542740821838e-02
4.503502696752548218e-02
5.392831936478614807e-02
4.530091956257820129e-02
5.722740292549133301e-02
7.502585649490356445e-02
7.411748170852661133e-02
4.558959975838661194e-02
5.672475323081016541e-02
5.238558351993560791e-02
8.718618005514144897e-02
5.954090505838394165e-02
5.336469411849975586e-02
3.771895542740821838e-02
4.533152282238006592e-02
5.791591107845306396e-02
7.122840732336044312e-02
4.141394421458244324e-02
5.692065134644508362e-02
3.790194541215896606e-02
5.371485278010368347e-02
7.660651952028274536e-02
4.652500152587890625e-02
3.930798918008804321e-02
4.665124416351318359e-02
5.199203267693519592e-02
4.991759359836578369e-02
5.062888190150260925e-02
4.478344321250915527e-02
5.832709744572639465e-02
6.723549216985702515e-02
5.037049949169158936e-02
7.158877700567245483e-02
5.898065119981765747e-02
4.257194697856903076e-02
4.299629107117652893e-02
4.032703861594200134e-02
4.540369287133216858e-02
5.531271919608116150e-02
5.993429943919181824e-02
3.937565162777900696e-02
6.184724718332290649e-02
4.885488748550415039e-02
6.507822871208190918e-02
3.792122751474380493e-02
4.313409328460693359e-02
6.372018158435821533e-02
7.186493277549743652e-02
6.548709422349929810e-02
3.943625465035438538e-02
4.412928968667984009e-02
3.659443929791450500e-02
4.213653504848480225e-02
5.879636853933334351e-02
4.112182557582855225e-02
3.883058577775955200e-02
4.356226325035095215e-02
5.347643792629241943e-02
5.045672878623008728e-02
3.757385164499282837e-02
4.365616291761398315e-02
3.760004043579101562e-02
4.850404709577560425e-02
4.844199120998382568e-02
3.787916898727416992e-02
6.112986803054809570e-02
4.290962964296340942e-02
8.808381110429763794e-02
4.871442541480064392e-02
4.022884368896484375e-02
3.358995169401168823e-02
3.828129172325134277e-02
5.012434720993041992e-02
4.883998632431030273e-02
4.408638551831245422e-02
4.440307617187500000e-02
5.158660188317298889e-02
7.155267149209976196e-02
4.133227095007896423e-02
4.449838399887084961e-02
4.840156063437461853e-02
4.722342267632484436e-02
4.053585231304168701e-02
4.263890907168388367e-02
5.118085816502571106e-02
4.436552152037620544e-02
4.182250425219535828e-02
4.281559213995933533e-02
4.920803755521774292e-02
6.048693880438804626e-02
3.710149973630905151e-02
4.243763536214828491e-02
5.453271418809890747e-02
4.724352434277534485e-02
4.510521516203880310e-02
4.546940326690673828e-02
3.476862609386444092e-02
5.557319149374961853e-02
4.002021253108978271e-02
3.466289117932319641e-02
6.106351315975189209e-02
4.561873525381088257e-02
4.582181200385093689e-02
4.474707692861557007e-02
5.331587418913841248e-02
4.632106050848960876e-02
7.071251422166824341e-02
5.829225853085517883e-02
5.317248404026031494e-02
5.607698857784271240e-02
7.497048377990722656e-02
5.495535209774971008e-02
6.184827908873558044e-02
4.562503471970558167e-02
4.970004409551620483e-02
3.340414911508560181e-02
6.000139191746711731e-02
5.398569628596305847e-02
6.962665170431137085e-02
6.172837316989898682e-02
4.554707929491996765e-02
4.658338055014610291e-02
4.956037923693656921e-02
7.444406300783157349e-02
5.010462924838066101e-02
3.933073580265045166e-02
4.250914976000785828e-02
4.960132762789726257e-02
5.238220095634460449e-02
4.212648794054985046e-02
4.198335856199264526e-02
4.921840131282806396e-02
5.589402467012405396e-02
6.189892441034317017e-02
5.214281007647514343e-02
4.710370302200317383e-02
6.456255912780761719e-02
4.419672489166259766e-02
3.833244740962982178e-02
6.124999746680259705e-02
9.526517987251281738e-02
3.963499888777732849e-02
4.617196694016456604e-02
5.648389831185340881e-02
4.136799275875091553e-02
4.645586386322975159e-02
4.827862977981567383e-02
7.103554159402847290e-02
5.729787424206733704e-02
3.656185790896415710e-02
5.910453200340270996e-02
6.318038702011108398e-02
4.574884101748466492e-02
4.777069017291069031e-02
5.949372425675392151e-02
4.149903729557991028e-02
6.077680364251136780e-02
3.664774075150489807e-02
3.697414323687553406e-02
4.124673455953598022e-02
6.300935149192810059e-02
4.059660062193870544e-02
5.144562944769859314e-02
7.438822090625762939e-02
3.957078605890274048e-02
6.513535976409912109e-02
5.790975317358970642e-02
4.700446873903274536e-02
4.971627146005630493e-02
4.227298498153686523e-02
7.044494897127151489e-02
3.833401948213577271e-02
5.496853962540626526e-02
5.563143268227577209e-02
3.677294775843620300e-02
4.040973633527755737e-02
5.629529803991317749e-02
5.716646462678909302e-02
3.995558619499206543e-02
7.109211385250091553e-02
4.176033660769462585e-02
4.478425160050392151e-02
4.647553712129592896e-02
7.996126264333724976e-02
4.567034170031547546e-02
8.089244365692138672e-02
4.723472520709037781e-02
3.669548779726028442e-02
4.562174528837203979e-02
4.840155690908432007e-02
5.043010041117668152e-02
5.336626619100570679e-02
3.914553672075271606e-02
4.591895639896392822e-02
4.568354412913322449e-02
4.080329090356826782e-02
4.627418145537376404e-02
5.484712868928909302e-02
4.101414978504180908e-02
4.059195891022682190e-02
4.490055516362190247e-02
3.776950389146804810e-02
7.228741049766540527e-02
4.650554060935974121e-02
4.761682078242301941e-02
7.076337933540344238e-02
5.384673923254013062e-02
4.530413076281547546e-02
5.069644004106521606e-02
3.843187168240547180e-02
4.179682955145835876e-02
3.762544319033622742e-02
4.774012044072151184e-02
4.415418207645416260e-02
4.675648733973503113e-02
3.711856156587600708e-02
4.305731877684593201e-02
4.423644766211509705e-02
6.533599644899368286e-02
4.274540767073631287e-02
5.354072898626327515e-02
3.855042532086372375e-02
4.289233312010765076e-02
4.672594368457794189e-02
4.240028560161590576e-02
4.461551830172538757e-02
8.154139667749404907e-02
6.202581524848937988e-02
4.119484871625900269e-02
4.269197210669517517e-02
4.575939103960990906e-02
4.172442480921745300e-02
4.047442600131034851e-02
4.637538641691207886e-02
5.475927516818046570e-02
6.850305944681167603e-02
4.878209531307220459e-02
6.593327969312667847e-02
6.819592416286468506e-02
4.229480400681495667e-02
4.980642348527908325e-02
4.897674545645713806e-02
4.795676842331886292e-02
3.939183428883552551e-02
4.420022293925285339e-02
5.601624771952629089e-02
5.161217972636222839e-02
4.356469959020614624e-02
4.436386004090309143e-02
4.219572991132736206e-02
5.205267667770385742e-02
4.410443454980850220e-02
5.006362125277519226e-02
5.498583987355232239e-02
7.093548774719238281e-02
4.922899603843688965e-02
4.243511706590652466e-02
4.737721011042594910e-02
5.872981995344161987e-02
4.147865995764732361e-02
4.452615231275558472e-02
4.415738955140113831e-02
5.316933616995811462e-02
4.356647655367851257e-02
5.988699197769165039e-02
6.011554971337318420e-02
5.279768630862236023e-02
6.955030560493469238e-02
4.184475168585777283e-02
4.568316042423248291e-02
3.596336022019386292e-02
6.711276620626449585e-02
5.243092030286788940e-02
4.496502131223678589e-02
5.978707224130630493e-02
4.140393435955047607e-02
3.882057219743728638e-02
7.616803795099258423e-02
5.022567510604858398e-02
5.341225489974021912e-02
6.996212899684906006e-02
3.778069838881492615e-02
6.181498989462852478e-02
3.457308933138847351e-02
4.553285613656044006e-02
4.397938773036003113e-02
5.205100029706954956e-02
7.311452180147171021e-02
4.408593475818634033e-02
4.773781076073646545e-02
3.728524968028068542e-02
4.267080128192901611e-02
4.464694112539291382e-02
3.777939453721046448e-02
6.444309651851654053e-02
7.209961116313934326e-02
3.901964798569679260e-02
8.360166102647781372e-02
5.029170587658882141e-02
7.139577716588973999e-02
4.835207387804985046e-02
4.725393652915954590e-02
3.735113516449928284e-02
5.040714144706726074e-02
4.302035272121429443e-02
4.950349777936935425e-02
3.643682599067687988e-02
6.057962402701377869e-02
4.430094361305236816e-02
4.107959568500518799e-02
5.467462167143821716e-02
5.611422657966613770e-02
6.990738213062286377e-02
5.140020698308944702e-02
4.048346728086471558e-02
4.961343109607696533e-02
5.216959118843078613e-02
5.420652776956558228e-02
4.203781113028526306e-02
5.662936717271804810e-02
4.121198132634162903e-02
4.782218858599662781e-02
4.706921428442001343e-02
4.693460091948509216e-02
6.557869911193847656e-02
6.908675283193588257e-02
3.813931718468666077e-02
4.616857692599296570e-02
3.949606046080589294e-02
5.986573919653892517e-02
4.200819507241249084e-02
4.781905561685562134e-02
4.155401512980461121e-02
4.515119642019271851e-02
6.128694862127304077e-02
4.297279939055442810e-02
6.099761649966239929e-02
3.797094896435737610e-02
4.018753394484519958e-02
3.662406653165817261e-02
5.003671720623970032e-02
4.296365380287170410e-02
4.869959130883216858e-02
4.521230235695838928e-02
3.388118371367454529e-02
4.496807605028152466e-02
4.158796742558479309e-02
5.350225791335105896e-02
4.535317793488502502e-02
4.294389113783836365e-02
4.560659080743789673e-02
5.858730152249336243e-02
5.027816817164421082e-02
4.119453579187393188e-02
3.861147910356521606e-02
6.619206815958023071e-02
4.355246946215629578e-02
5.755382031202316284e-02
5.095625668764114380e-02
4.550189152359962463e-02
6.771424412727355957e-02
4.920891672372817993e-02
5.674985051155090332e-02
6.199316307902336121e-02
4.055443406105041504e-02
4.165433347225189209e-02
6.360306590795516968e-02
4.757346585392951965e-02
3.155104815959930420e-02
5.749123916029930115e-02
8.345940709114074707e-02
4.008246958255767822e-02
4.249066486954689026e-02
4.496983438730239868e-02
5.609961971640586853e-02
4.751483350992202759e-02
4.182910174131393433e-02
4.674455523490905762e-02
3.365140408277511597e-02
4.067623242735862732e-02
6.277133524417877197e-02
5.133315175771713257e-02
5.789351835846900940e-02
4.137922823429107666e-02
3.793453797698020935e-02
3.304355219006538391e-02
4.484798386693000793e-02
5.169112235307693481e-02
4.388180747628211975e-02
4.094066843390464783e-02
7.168194651603698730e-02
4.853658750653266907e-02
5.980043113231658936e-02
4.657724499702453613e-02
6.925116479396820068e-02
4.879348352551460266e-02
3.945710510015487671e-02
4.581797495484352112e-02
7.605627924203872681e-02
4.689241573214530945e-02
6.293170899152755737e-02
4.523563757538795471e-02
4.875380918383598328e-02
4.535392671823501587e-02
3.275704011321067810e-02
1.143278256058692932e-01
4.967377707362174988e-02
5.005361139774322510e-02
4.837658628821372986e-02
4.761387035250663757e-02
4.720454663038253784e-02
5.804084241390228271e-02
3.832621499896049500e-02
4.851260781288146973e-02
4.796227440237998962e-02
9.205692261457443237e-02
4.549928009510040283e-02
4.980381205677986145e-02
4.280072823166847229e-02
4.282553121447563171e-02
5.686822533607482910e-02
3.608881682157516479e-02
4.622071981430053711e-02
3.158254176378250122e-02
5.549061670899391174e-02
4.386676475405693054e-02
5.771662294864654541e-02
3.836543485522270203e-02
6.202422827482223511e-02
4.121866822242736816e-02
4.051643610000610352e-02
4.857912659645080566e-02
5.782166123390197754e-02
4.415757209062576294e-02
6.804635375738143921e-02
5.895561352372169495e-02
3.562850132584571838e-02
6.461487710475921631e-02
5.584212020039558411e-02
4.063616693019866943e-02
7.178233563899993896e-02
5.077285319566726685e-02
4.960742220282554626e-02
4.329151660203933716e-02
3.731481358408927917e-02
4.206122457981109619e-02
4.678176715970039368e-02
6.023209169507026672e-02
3.663472831249237061e-02
4.407570138573646545e-02
3.885534405708312988e-02
4.592035338282585144e-02
5.044412240386009216e-02
4.807136580348014832e-02
4.808985069394111633e-02
4.661108925938606262e-02
4.452224075794219971e-02
3.855830430984497070e-02
5.899878963828086853e-02
3.804634511470794678e-02
5.351593345403671265e-02
3.934941068291664124e-02
4.796057567000389099e-02
6.615620106458663940e-02
3.986068442463874817e-02
6.058483570814132690e-02
4.552201181650161743e-02
6.463913619518280029e-02
4.061999544501304626e-02
4.877411201596260071e-02
4.459695890545845032e-02
9.311441332101821899e-02
4.746775329113006592e-02
5.980002880096435547e-02
7.294661551713943481e-02
4.551807790994644165e-02
4.604596272110939026e-02
5.065584555268287659e-02
4.141966253519058228e-02
3.579405322670936584e-02
4.352912306785583496e-02
4.564863815903663635e-02
4.855187237262725830e-02
4.868551343679428101e-02
4.821833223104476929e-02
3.921015933156013489e-02
5.029062554240226746e-02
4.040126129984855652e-02
4.539253562688827515e-02
4.784918203949928284e-02
4.577131196856498718e-02
5.306746810674667358e-02
4.925720766186714172e-02
4.984145238995552063e-02
5.474213138222694397e-02
4.734684154391288757e-02
5.530536919832229614e-02
4.344910010695457458e-02
5.345132201910018921e-02
3.728114068508148193e-02
5.396332219243049622e-02
9.802815318107604980e-02
4.666984826326370239e-02
4.148037359118461609e-02
4.669163003563880920e-02
4.814090207219123840e-02
4.950391873717308044e-02
6.974062323570251465e-02
5.965627357363700867e-02
4.185744374990463257e-02
4.073161631822586060e-02
4.293499886989593506e-02
4.201090335845947266e-02
4.737012088298797607e-02
5.654479935765266418e-02
4.467663913965225220e-02
4.950018227100372314e-02
3.964146599173545837e-02
7.628315687179565430e-02
3.973816335201263428e-02
4.121477529406547546e-02
4.436168074607849121e-02
6.327098608016967773e-02
5.594071000814437866e-02
5.953087657690048218e-02
5.851808190345764160e-02
4.274769499897956848e-02
6.607211381196975708e-02
4.851046577095985413e-02
4.128424078226089478e-02
3.949366882443428040e-02
4.328773915767669678e-02
4.173765331506729126e-02
4.936226084828376770e-02
8.270145207643508911e-02
4.137606546282768250e-02
3.646236658096313477e-02
5.426556244492530823e-02
4.641573131084442139e-02
3.880450502038002014e-02
4.629501327872276306e-02
7.629175484180450439e-02
4.992231354117393494e-02
4.346702620387077332e-02
6.407163292169570923e-02
6.015684828162193298e-02
4.384722933173179626e-02
3.997307270765304565e-02
5.538542196154594421e-02
5.888233333826065063e-02
9.224765747785568237e-02
5.623066425323486328e-02
6.753895431756973267e-02
8.225190639495849609e-02
4.968572407960891724e-02
6.018207222223281860e-02
4.352956265211105347e-02
1.147097647190093994e-01
7.275779545307159424e-02
4.907245934009552002e-02
7.986542582511901855e-02
4.609005898237228394e-02
3.941300883889198303e-02
5.031894147396087646e-02
6.126193702220916748e-02
4.642788693308830261e-02
4.187170416116714478e-02
4.805277660489082336e-02
3.900052979588508606e-02
4.700392484664916992e-02
5.161699652671813965e-02
4.436100274324417114e-02
4.609864205121994019e-02
4.634954780340194702e-02
4.573450982570648193e-02
7.340512424707412720e-02
4.871745035052299500e-02
4.287125170230865479e-02
5.835990980267524719e-02
4.105203226208686829e-02
4.583998769521713257e-02
6.710201501846313477e-02
4.991349205374717712e-02
6.689378619194030762e-02
6.510093808174133301e-02
4.114908352494239807e-02
4.269257187843322754e-02
4.502440989017486572e-02
5.227426439523696899e-02
4.282316938042640686e-02
5.571746826171875000e-02
3.936456888914108276e-02
6.409610807895660400e-02
4.087445139884948730e-02
4.650345444679260254e-02
8.639033138751983643e-02
5.609046667814254761e-02
4.986638203263282776e-02
6.055989116430282593e-02
4.515420645475387573e-02
4.103996977210044861e-02
4.253032058477401733e-02
4.463690146803855896e-02
4.579379782080650330e-02
5.021340772509574890e-02
7.429646700620651245e-02
4.550785571336746216e-02
4.498456418514251709e-02
4.422149062156677246e-02
4.872560501098632812e-02
5.998384952545166016e-02
3.699767962098121643e-02
4.529825225472450256e-02
6.138331070542335510e-02
4.300568252801895142e-02
5.018710717558860779e-02
4.565379023551940918e-02
4.358701035380363464e-02
6.395550072193145752e-02
8.645427972078323364e-02
1.002205386757850647e-01
3.832362592220306396e-02
4.601246118545532227e-02
4.356846213340759277e-02
4.314206540584564209e-02
4.114280268549919128e-02
4.842391982674598694e-02
4.043107479810714722e-02
4.488528147339820862e-02
7.871426641941070557e-02
5.108718201518058777e-02
6.092786788940429688e-02
4.153970256447792053e-02
3.630313277244567871e-02
