9.379722923040390015e-02
1.061764657497406006e-01
8.418944478034973145e-02
9.586504846811294556e-02
7.793643325567245483e-02
7.235541939735412598e-02
9.841304272413253784e-02
1.008362919092178345e-01
1.136297807097434998e-01
8.842916041612625122e-02
9.158474951982498169e-02
8.975988626480102539e-02
1.287731379270553589e-01
1.280485987663269043e-01
8.085329830646514893e-02
1.057902574539184570e-01
9.296997636556625366e-02
1.114393398165702820e-01
7.649609446525573730e-02
9.345326572656631470e-02
9.663985669612884521e-02
1.087074950337409973e-01
7.419873028993606567e-02
7.804628461599349976e-02
9.278912097215652466e-02
1.070255190134048462e-01
8.426152169704437256e-02
8.221074193716049194e-02
8.470591902732849121e-02
8.812664449214935303e-02
9.968213737010955811e-02
9.801834821701049805e-02
1.136590316891670227e-01
1.058596149086952209e-01
9.177729487419128418e-02
1.022275984287261963e-01
9.515164792537689209e-02
1.098484843969345093e-01
8.421479165554046631e-02
7.425994426012039185e-02
7.398157566785812378e-02
1.133120730519294739e-01
7.893966138362884521e-02
1.046848818659782410e-01
1.112927198410034180e-01
1.046877205371856689e-01
9.607956558465957642e-02
1.179629638791084290e-01
9.902212023735046387e-02
9.275631606578826904e-02
9.810999780893325806e-02
1.018173098564147949e-01
7.927759736776351929e-02
1.139134839177131653e-01
1.228175982832908630e-01
6.321498751640319824e-02
9.725969284772872925e-02
7.863248139619827271e-02
1.179041489958763123e-01
9.499088674783706665e-02
9.654858708381652832e-02
9.057772159576416016e-02
6.496111303567886353e-02
9.189148992300033569e-02
8.752515912055969238e-02
8.760686963796615601e-02
7.811755686998367310e-02
5.855596810579299927e-02
8.960606157779693604e-02
1.103390604257583618e-01
9.254999458789825439e-02
9.466437995433807373e-02
8.747928589582443237e-02
9.347873181104660034e-02
1.195912212133407593e-01
7.837694883346557617e-02
1.041047945618629456e-01
7.087583094835281372e-02
9.933917969465255737e-02
9.347672015428543091e-02
8.423420041799545288e-02
9.219037741422653198e-02
7.315166294574737549e-02
9.402790665626525879e-02
7.044632732868194580e-02
8.428128808736801147e-02
8.887100964784622192e-02
6.010914593935012817e-02
9.194971621036529541e-02
1.098280474543571472e-01
8.998322486877441406e-02
8.242154121398925781e-02
9.100316464900970459e-02
1.002183556556701660e-01
8.075241744518280029e-02
9.619238227605819702e-02
8.173121511936187744e-02
8.562226593494415283e-02
1.223889514803886414e-01
9.055119752883911133e-02
1.331212371587753296e-01
1.016153544187545776e-01
1.028626188635826111e-01
6.244992092251777649e-02
8.971530199050903320e-02
6.937446445226669312e-02
1.065926030278205872e-01
8.315135538578033447e-02
1.195669621229171753e-01
7.767523825168609619e-02
7.411048561334609985e-02
1.112193837761878967e-01
7.453851401805877686e-02
8.225905895233154297e-02
9.138047695159912109e-02
8.694782853126525879e-02
1.034320294857025146e-01
9.824322909116744995e-02
8.163771778345108032e-02
8.139871805906295776e-02
8.675415068864822388e-02
1.089207455515861511e-01
8.062493056058883667e-02
1.034405231475830078e-01
1.041650027036666870e-01
7.869926840066909790e-02
1.111004352569580078e-01
8.795204013586044312e-02
9.817964583635330200e-02
1.056915000081062317e-01
1.004377380013465881e-01
1.158402338624000549e-01
1.016921252012252808e-01
9.339565038681030273e-02
1.147209554910659790e-01
8.778197318315505981e-02
8.886017650365829468e-02
8.191637694835662842e-02
1.048684194684028625e-01
9.713046997785568237e-02
8.642914891242980957e-02
1.009443551301956177e-01
9.236797690391540527e-02
8.521997183561325073e-02
1.284894347190856934e-01
9.750588238239288330e-02
9.967000782489776611e-02
1.072035580873489380e-01
9.267403185367584229e-02
8.409980684518814087e-02
6.998167186975479126e-02
1.069364696741104126e-01
8.776125311851501465e-02
6.861554831266403198e-02
7.694423943758010864e-02
1.139579787850379944e-01
8.675778657197952271e-02
9.983732551336288452e-02
8.178530633449554443e-02
1.116905584931373596e-01
8.267295360565185547e-02
1.126828566193580627e-01
8.822523057460784912e-02
9.967733174562454224e-02
9.494789689779281616e-02
9.216922521591186523e-02
6.761774420738220215e-02
7.609985023736953735e-02
7.770953327417373657e-02
7.416018843650817871e-02
9.129083901643753052e-02
9.964624047279357910e-02
1.032018736004829407e-01
9.446230530738830566e-02
8.545089513063430786e-02
7.609683275222778320e-02
1.078947633504867554e-01
7.604227215051651001e-02
9.408978372812271118e-02
9.276156127452850342e-02
9.368621557950973511e-02
1.011316105723381042e-01
9.250275045633316040e-02
8.573601394891738892e-02
1.119430512189865112e-01
7.698376476764678955e-02
1.073429137468338013e-01
9.856849163770675659e-02
8.298756927251815796e-02
1.102089807391166687e-01
1.209929808974266052e-01
8.308490365743637085e-02
1.121895238757133484e-01
8.805442601442337036e-02
1.049668788909912109e-01
9.590119123458862305e-02
1.119513139128684998e-01
9.499143809080123901e-02
8.130285888910293579e-02
8.015549182891845703e-02
1.002948731184005737e-01
7.950556278228759766e-02
9.455528110265731812e-02
9.136608242988586426e-02
9.963759779930114746e-02
1.046857610344886780e-01
9.996897727251052856e-02
1.167633533477783203e-01
9.837620705366134644e-02
7.763377577066421509e-02
9.727282077074050903e-02
8.139450103044509888e-02
1.042659431695938110e-01
6.957811117172241211e-02
1.057161018252372742e-01
8.879385888576507568e-02
9.118936210870742798e-02
9.209053218364715576e-02
1.152800768613815308e-01
9.372875094413757324e-02
8.465266972780227661e-02
8.163353800773620605e-02
7.559156417846679688e-02
9.888955205678939819e-02
8.540723472833633423e-02
7.998245954513549805e-02
1.129170134663581848e-01
9.749646484851837158e-02
7.809011638164520264e-02
9.441995620727539062e-02
1.135197207331657410e-01
7.665979117155075073e-02
8.497720956802368164e-02
8.091504871845245361e-02
8.721505105495452881e-02
9.164406359195709229e-02
7.395610958337783813e-02
7.539153844118118286e-02
6.909990310668945312e-02
8.025491982698440552e-02
1.043053939938545227e-01
1.008894518017768860e-01
1.085317134857177734e-01
1.164251193404197693e-01
9.799544513225555420e-02
9.272383898496627808e-02
9.363239258527755737e-02
9.237860888242721558e-02
9.190520644187927246e-02
7.722602039575576782e-02
8.732531219720840454e-02
6.750417500734329224e-02
9.785445034503936768e-02
1.025002896785736084e-01
6.269915401935577393e-02
9.192070364952087402e-02
8.770193904638290405e-02
6.721737235784530640e-02
8.288878202438354492e-02
9.709039330482482910e-02
7.827997952699661255e-02
1.070939078927040100e-01
9.394484758377075195e-02
1.047494634985923767e-01
9.416937083005905151e-02
7.152044028043746948e-02
7.666740566492080688e-02
1.107182577252388000e-01
9.009797126054763794e-02
1.280363053083419800e-01
1.142558902502059937e-01
6.794011592864990234e-02
1.158630251884460449e-01
9.121434390544891357e-02
7.816039025783538818e-02
9.782844036817550659e-02
9.281121939420700073e-02
8.663231134414672852e-02
1.052496284246444702e-01
8.909400552511215210e-02
8.268351852893829346e-02
9.104412794113159180e-02
1.010466665029525757e-01
9.406888484954833984e-02
8.001594990491867065e-02
4.521687328815460205e-02
7.202500849962234497e-02
1.045430377125740051e-01
9.674908965826034546e-02
1.049402803182601929e-01
6.706751883029937744e-02
9.866237640380859375e-02
1.041113287210464478e-01
5.412193387746810913e-02
8.397199213504791260e-02
8.379863947629928589e-02
7.862810790538787842e-02
9.674885869026184082e-02
7.534995675086975098e-02
8.395710587501525879e-02
7.446634024381637573e-02
1.054462119936943054e-01
6.418455392122268677e-02
7.418054342269897461e-02
9.686624258756637573e-02
1.008926033973693848e-01
1.230861321091651917e-01
8.221485465764999390e-02
8.328802138566970825e-02
1.046924144029617310e-01
1.045097112655639648e-01
9.988515824079513550e-02
8.213114738464355469e-02
1.001582294702529907e-01
9.644365310668945312e-02
9.467815607786178589e-02
9.324876964092254639e-02
8.251427114009857178e-02
7.843790948390960693e-02
7.420441508293151855e-02
9.513532370328903198e-02
6.361857801675796509e-02
7.957348227500915527e-02
7.633708417415618896e-02
5.225055292248725891e-02
1.210565045475959778e-01
6.221995130181312561e-02
1.104179173707962036e-01
8.919662237167358398e-02
1.036444082856178284e-01
9.893988817930221558e-02
9.945114701986312866e-02
9.285945445299148560e-02
7.344599068164825439e-02
8.674861490726470947e-02
7.789457589387893677e-02
9.212940186262130737e-02
7.324658334255218506e-02
7.670313864946365356e-02
9.764163941144943237e-02
1.191154718399047852e-01
7.771928608417510986e-02
9.144911915063858032e-02
9.465927630662918091e-02
9.445682168006896973e-02
1.220178678631782532e-01
8.989455550909042358e-02
8.191984146833419800e-02
8.598991483449935913e-02
8.458146452903747559e-02
8.633731305599212646e-02
1.106455326080322266e-01
9.393418580293655396e-02
7.870608568191528320e-02
1.023385077714920044e-01
1.021460443735122681e-01
1.053276360034942627e-01
8.096707612276077271e-02
7.941926270723342896e-02
1.274397969245910645e-01
1.077188476920127869e-01
7.522835582494735718e-02
1.023829430341720581e-01
7.147005200386047363e-02
9.628303349018096924e-02
9.395157545804977417e-02
8.221779763698577881e-02
9.067591279745101929e-02
9.673893451690673828e-02
1.349644213914871216e-01
9.187913686037063599e-02
6.361160427331924438e-02
8.748634159564971924e-02
1.064407229423522949e-01
9.733283519744873047e-02
1.064667478203773499e-01
9.873650968074798584e-02
1.239963844418525696e-01
9.732706099748611450e-02
7.852934300899505615e-02
7.866752892732620239e-02
9.595865011215209961e-02
1.393718272447586060e-01
1.053037568926811218e-01
1.011207997798919678e-01
9.283528476953506470e-02
1.083043068647384644e-01
9.983050078153610229e-02
9.234217554330825806e-02
9.316777437925338745e-02
8.297283947467803955e-02
8.843954652547836304e-02
8.296567201614379883e-02
8.425213396549224854e-02
9.522429108619689941e-02
1.007479801774024963e-01
8.434020727872848511e-02
9.457293152809143066e-02
9.948582202196121216e-02
8.615969121456146240e-02
8.205167949199676514e-02
1.047062203288078308e-01
9.457965940237045288e-02
5.692470446228981018e-02
6.996732950210571289e-02
8.588631451129913330e-02
9.677079319953918457e-02
6.386253982782363892e-02
9.338656812906265259e-02
1.221157088875770569e-01
8.536466956138610840e-02
6.209977716207504272e-02
8.848465234041213989e-02
1.302039474248886108e-01
7.623759657144546509e-02
1.137308701872825623e-01
9.811519831418991089e-02
1.194683834910392761e-01
1.099387407302856445e-01
9.009988605976104736e-02
9.123227000236511230e-02
8.313731849193572998e-02
7.097376883029937744e-02
8.684659004211425781e-02
6.134957075119018555e-02
9.760002046823501587e-02
9.233444184064865112e-02
8.124470710754394531e-02
7.837932556867599487e-02
9.638604521751403809e-02
7.486256957054138184e-02
1.079869121313095093e-01
9.502756595611572266e-02
1.115462109446525574e-01
8.998408913612365723e-02
8.494459092617034912e-02
9.565488249063491821e-02
1.020647063851356506e-01
6.413479894399642944e-02
6.915022432804107666e-02
7.680997252464294434e-02
1.066542565822601318e-01
1.126617640256881714e-01
1.033921092748641968e-01
9.259082376956939697e-02
9.205533564090728760e-02
1.066262796521186829e-01
8.531098067760467529e-02
7.585014402866363525e-02
9.980751574039459229e-02
8.694351464509963989e-02
8.919315040111541748e-02
7.095826417207717896e-02
1.069840043783187866e-01
1.006793826818466187e-01
9.673350304365158081e-02
8.196390420198440552e-02
1.726614981889724731e-01
8.147904276847839355e-02
1.091163679957389832e-01
9.278949350118637085e-02
8.050585538148880005e-02
7.825709134340286255e-02
8.360905200242996216e-02
9.596318006515502930e-02
8.645693212747573853e-02
9.222155809402465820e-02
8.429724723100662231e-02
9.027194231748580933e-02
8.662630617618560791e-02
8.271151036024093628e-02
9.591481834650039673e-02
1.374144554138183594e-01
1.162357851862907410e-01
9.048759192228317261e-02
9.009460359811782837e-02
8.286216855049133301e-02
1.055175736546516418e-01
9.601164609193801880e-02
8.195614814758300781e-02
8.744879812002182007e-02
8.777685463428497314e-02
1.094442978501319885e-01
9.039611369371414185e-02
1.083318963646888733e-01
8.971535414457321167e-02
7.493475079536437988e-02
8.710432052612304688e-02
9.884093701839447021e-02
7.283146679401397705e-02
1.049329936504364014e-01
5.914794281125068665e-02
5.725505203008651733e-02
8.159422129392623901e-02
8.753292262554168701e-02
9.500072896480560303e-02
1.021966263651847839e-01
1.321413964033126831e-01
8.005423098802566528e-02
8.365084230899810791e-02
6.965421140193939209e-02
6.046504899859428406e-02
7.525093853473663330e-02
7.555700838565826416e-02
9.589433670043945312e-02
9.444649517536163330e-02
6.440775841474533081e-02
9.975640475749969482e-02
9.559182822704315186e-02
1.081529036164283752e-01
8.407315611839294434e-02
1.027971133589744568e-01
9.092900156974792480e-02
1.091518253087997437e-01
8.672768622636795044e-02
1.200431883335113525e-01
8.330364525318145752e-02
1.073099076747894287e-01
9.198599308729171753e-02
7.243029028177261353e-02
8.489221334457397461e-02
8.458809554576873779e-02
8.967840671539306641e-02
1.241534426808357239e-01
8.986396342515945435e-02
8.812838047742843628e-02
8.113285899162292480e-02
1.020298004150390625e-01
8.210561424493789673e-02
9.805531799793243408e-02
1.393893510103225708e-01
1.016814932227134705e-01
7.243453711271286011e-02
7.946135848760604858e-02
9.518107771873474121e-02
1.010754629969596863e-01
8.623331785202026367e-02
1.010607182979583740e-01
9.785251319408416748e-02
1.020277142524719238e-01
8.842634409666061401e-02
1.282619088888168335e-01
9.947676211595535278e-02
7.090381532907485962e-02
8.708175271749496460e-02
1.596312373876571655e-01
8.255764096975326538e-02
8.702729642391204834e-02
8.560265600681304932e-02
1.085606440901756287e-01
7.218638807535171509e-02
1.014464050531387329e-01
1.265802830457687378e-01
8.448866009712219238e-02
9.222003072500228882e-02
8.821456134319305420e-02
8.598444610834121704e-02
7.333683967590332031e-02
1.046884357929229736e-01
7.004092633724212646e-02
7.857567071914672852e-02
8.918879926204681396e-02
8.107088506221771240e-02
8.555939793586730957e-02
1.086334288120269775e-01
1.028261706233024597e-01
7.689525932073593140e-02
1.045905351638793945e-01
1.029039025306701660e-01
9.543454647064208984e-02
8.689513802528381348e-02
1.071402803063392639e-01
9.007395803928375244e-02
1.066081523895263672e-01
8.592799305915832520e-02
8.123734593391418457e-02
1.074704229831695557e-01
7.101482897996902466e-02
1.014143303036689758e-01
8.084952086210250854e-02
5.779921263456344604e-02
8.692929148674011230e-02
1.008259654045104980e-01
1.166902557015419006e-01
4.153633862733840942e-02
7.787734270095825195e-02
9.576609730720520020e-02
1.174595952033996582e-01
7.922669500112533569e-02
7.873007655143737793e-02
9.265679866075515747e-02
1.003799363970756531e-01
1.222449317574501038e-01
9.566970914602279663e-02
8.462614566087722778e-02
1.089181154966354370e-01
6.755433231592178345e-02
8.196174353361129761e-02
6.972794234752655029e-02
4.370157048106193542e-02
8.310345560312271118e-02
8.154352009296417236e-02
5.561785772442817688e-02
8.870463818311691284e-02
8.290694653987884521e-02
9.805537760257720947e-02
9.018437564373016357e-02
5.883143842220306396e-02
7.155366241931915283e-02
7.696010917425155640e-02
1.230238750576972961e-01
8.484739065170288086e-02
7.996682822704315186e-02
7.305055856704711914e-02
7.953582704067230225e-02
7.512515783309936523e-02
9.781075268983840942e-02
1.065089106559753418e-01
1.125242784619331360e-01
9.220569580793380737e-02
8.906234055757522583e-02
9.337292611598968506e-02
7.500129938125610352e-02
7.367338985204696655e-02
7.848238199949264526e-02
1.083743125200271606e-01
1.029294282197952271e-01
9.769301861524581909e-02
9.099856019020080566e-02
9.933437407016754150e-02
8.983622491359710693e-02
8.856778591871261597e-02
8.377544581890106201e-02
7.556838542222976685e-02
8.413885533809661865e-02
5.513582006096839905e-02
8.953408896923065186e-02
8.224251866340637207e-02
1.097018197178840637e-01
9.397037327289581299e-02
1.002846285700798035e-01
7.138093560934066772e-02
1.043092608451843262e-01
6.565003842115402222e-02
9.041728079319000244e-02
8.919250965118408203e-02
4.275485128164291382e-02
1.039358153939247131e-01
8.270511031150817871e-02
1.332844644784927368e-01
8.167558908462524414e-02
7.966434210538864136e-02
8.664132654666900635e-02
7.648567855358123779e-02
7.951838523149490356e-02
9.770950675010681152e-02
1.052942350506782532e-01
8.080913126468658447e-02
9.052777290344238281e-02
7.580635696649551392e-02
8.214309066534042358e-02
9.307113289833068848e-02
8.545739203691482544e-02
9.617146104574203491e-02
8.964285999536514282e-02
1.188030615448951721e-01
8.304295688867568970e-02
1.010825410485267639e-01
7.666132599115371704e-02
1.031792685389518738e-01
8.875330537557601929e-02
8.703892678022384644e-02
8.262087404727935791e-02
7.385713607072830200e-02
8.773674070835113525e-02
7.543816417455673218e-02
9.715420007705688477e-02
8.599234372377395630e-02
9.209628403186798096e-02
9.356892853975296021e-02
8.728314936161041260e-02
6.292809545993804932e-02
7.642938941717147827e-02
1.140936985611915588e-01
8.609367161989212036e-02
9.178489446640014648e-02
9.105246514081954956e-02
1.130625978112220764e-01
8.091326802968978882e-02
6.039362773299217224e-02
7.497429847717285156e-02
1.062918156385421753e-01
1.017753705382347107e-01
9.264200180768966675e-02
1.039685308933258057e-01
9.843661636114120483e-02
7.707100361585617065e-02
7.736387103796005249e-02
1.087361797690391541e-01
1.042536571621894836e-01
9.813111275434494019e-02
8.495090156793594360e-02
8.311223238706588745e-02
9.303715825080871582e-02
9.120860695838928223e-02
9.483255445957183838e-02
7.274655252695083618e-02
1.052851155400276184e-01
8.608597517013549805e-02
1.087731197476387024e-01
7.674162089824676514e-02
7.326541841030120850e-02
7.708109170198440552e-02
8.357309550046920776e-02
6.992559880018234253e-02
1.098025590181350708e-01
1.220078095793724060e-01
7.950174063444137573e-02
1.043347865343093872e-01
1.031951159238815308e-01
9.841260313987731934e-02
1.071488484740257263e-01
6.918275356292724609e-02
8.791153877973556519e-02
8.834255486726760864e-02
1.150376945734024048e-01
7.889898121356964111e-02
1.130867749452590942e-01
1.135981902480125427e-01
8.055845648050308228e-02
8.187142014503479004e-02
9.913922846317291260e-02
1.695720702409744263e-01
6.854622066020965576e-02
1.073776334524154663e-01
8.102699369192123413e-02
9.380574524402618408e-02
1.024160161614418030e-01
1.072200760245323181e-01
9.602411836385726929e-02
1.096795648336410522e-01
8.069075644016265869e-02
8.746878802776336670e-02
9.024086594581604004e-02
1.079460680484771729e-01
7.890269905328750610e-02
8.741835504770278931e-02
1.079860776662826538e-01
8.715502917766571045e-02
7.505655288696289062e-02
1.001506596803665161e-01
7.602481544017791748e-02
7.681588828563690186e-02
9.682154655456542969e-02
7.764886319637298584e-02
9.083057940006256104e-02
8.795810490846633911e-02
9.289325028657913208e-02
1.151762753725051880e-01
8.928084373474121094e-02
8.535675704479217529e-02
1.039389595389366150e-01
9.989216923713684082e-02
1.134268268942832947e-01
1.079760938882827759e-01
6.929919123649597168e-02
1.017110943794250488e-01
1.069643795490264893e-01
8.654928952455520630e-02
8.527812361717224121e-02
1.049546748399734497e-01
9.779950976371765137e-02
9.613636136054992676e-02
1.275662630796432495e-01
1.189411357045173645e-01
1.029273867607116699e-01
7.845048606395721436e-02
7.246163487434387207e-02
1.038416251540184021e-01
1.016321852803230286e-01
8.160261064767837524e-02
9.655150771141052246e-02
1.092002913355827332e-01
7.725718617439270020e-02
9.939768910408020020e-02
8.530898392200469971e-02
8.440306782722473145e-02
1.155933439731597900e-01
9.465166181325912476e-02
1.124721989035606384e-01
8.910247683525085449e-02
8.385092020034790039e-02
9.886220097541809082e-02
1.275774836540222168e-01
1.076053231954574585e-01
1.206971630454063416e-01
8.015541732311248779e-02
9.103675931692123413e-02
1.111216247081756592e-01
8.909639716148376465e-02
7.737580686807632446e-02
8.451712131500244141e-02
8.322466909885406494e-02
1.062184572219848633e-01
1.330710947513580322e-01
1.100073084235191345e-01
1.191015616059303284e-01
7.044749706983566284e-02
8.318545669317245483e-02
