7.501132202148437500e+01
5.560645294189453125e+01
5.790682220458984375e+01
6.929222106933593750e+01
4.780952453613281250e+01
1.184502182006835938e+02
7.024195098876953125e+01
6.459896087646484375e+01
7.876627349853515625e+01
6.746834564208984375e+01
6.309646606445312500e+01
6.717964172363281250e+01
6.914144897460937500e+01
8.207009124755859375e+01
7.179054260253906250e+01
4.529738616943359375e+01
6.956069946289062500e+01
5.321701049804687500e+01
5.023000335693359375e+01
5.980539703369140625e+01
7.799449157714843750e+01
6.196202468872070312e+01
5.749250030517578125e+01
1.190550460815429688e+02
4.237714767456054688e+01
9.767923736572265625e+01
4.750767517089843750e+01
4.269545364379882812e+01
4.875481033325195312e+01
7.103898620605468750e+01
5.660179901123046875e+01
9.198023223876953125e+01
9.521986389160156250e+01
4.981015777587890625e+01
5.190544891357421875e+01
4.984157562255859375e+01
5.943163681030273438e+01
1.010493698120117188e+02
5.919014358520507812e+01
6.759355926513671875e+01
5.031145477294921875e+01
7.329035186767578125e+01
5.181146240234375000e+01
5.445659255981445312e+01
8.294676971435546875e+01
6.720370483398437500e+01
5.465742492675781250e+01
6.370704650878906250e+01
6.745924377441406250e+01
8.434630584716796875e+01
4.130594253540039062e+01
4.029832839965820312e+01
5.912080001831054688e+01
8.574398803710937500e+01
6.749468231201171875e+01
7.075585174560546875e+01
7.890127563476562500e+01
9.557372283935546875e+01
6.603171539306640625e+01
5.462984085083007812e+01
7.413616180419921875e+01
6.927548217773437500e+01
1.218208694458007812e+02
5.877943420410156250e+01
5.307121276855468750e+01
6.236479949951171875e+01
4.919647216796875000e+01
9.539687347412109375e+01
6.533928680419921875e+01
4.435044860839843750e+01
5.566891098022460938e+01
4.987073135375976562e+01
4.820658493041992188e+01
1.173161621093750000e+02
7.934264373779296875e+01
1.105736236572265625e+02
5.384987258911132812e+01
7.528231811523437500e+01
3.439363479614257812e+01
6.448525238037109375e+01
7.393801116943359375e+01
6.764370727539062500e+01
8.821138763427734375e+01
6.573252868652343750e+01
4.309113311767578125e+01
4.928794097900390625e+01
6.057213592529296875e+01
7.178373718261718750e+01
6.946260833740234375e+01
8.902795410156250000e+01
7.459016418457031250e+01
7.359773254394531250e+01
7.116987609863281250e+01
9.226958465576171875e+01
3.643239974975585938e+01
6.209996032714843750e+01
4.643537139892578125e+01
9.724459838867187500e+01
5.073280715942382812e+01
8.027589416503906250e+01
7.203910827636718750e+01
3.572082901000976562e+01
7.423068237304687500e+01
7.126355743408203125e+01
8.267318725585937500e+01
5.312828063964843750e+01
5.428918457031250000e+01
6.747975158691406250e+01
5.366867446899414062e+01
9.823493194580078125e+01
7.350906372070312500e+01
6.384158706665039062e+01
6.145611190795898438e+01
5.977235031127929688e+01
9.897832489013671875e+01
8.073293304443359375e+01
7.517894744873046875e+01
1.026330642700195312e+02
3.652114868164062500e+01
6.899461364746093750e+01
6.002094268798828125e+01
5.935973739624023438e+01
5.767995452880859375e+01
6.501646423339843750e+01
4.365791320800781250e+01
9.501421356201171875e+01
1.086713485717773438e+02
6.914783477783203125e+01
5.075355148315429688e+01
4.236508941650390625e+01
6.313068771362304688e+01
1.107262725830078125e+02
9.001050567626953125e+01
7.305257415771484375e+01
5.969546127319335938e+01
8.101805114746093750e+01
9.962922668457031250e+01
9.605770111083984375e+01
1.034431381225585938e+02
6.200803756713867188e+01
6.103384780883789062e+01
5.865073776245117188e+01
4.496590042114257812e+01
8.814705657958984375e+01
1.045846252441406250e+02
4.916738128662109375e+01
6.019473648071289062e+01
8.885066223144531250e+01
6.370286178588867188e+01
7.894441223144531250e+01
4.798582839965820312e+01
4.449392318725585938e+01
6.497507476806640625e+01
6.927799987792968750e+01
5.418364715576171875e+01
7.048664855957031250e+01
5.727822494506835938e+01
4.597323608398437500e+01
8.873898315429687500e+01
4.441640472412109375e+01
7.654456329345703125e+01
5.055010223388671875e+01
6.969284820556640625e+01
8.802339172363281250e+01
5.296031188964843750e+01
4.690338516235351562e+01
9.226503753662109375e+01
7.200423431396484375e+01
9.072113800048828125e+01
9.976048278808593750e+01
5.705691146850585938e+01
3.677457427978515625e+01
5.494758605957031250e+01
8.157035827636718750e+01
5.995223617553710938e+01
4.021041488647460938e+01
5.639964294433593750e+01
4.533752822875976562e+01
5.467631149291992188e+01
9.717053985595703125e+01
8.516916656494140625e+01
7.007125854492187500e+01
4.015432357788085938e+01
5.492256546020507812e+01
4.524971008300781250e+01
1.138857498168945312e+02
5.130578613281250000e+01
6.466143798828125000e+01
5.389064407348632812e+01
6.693415069580078125e+01
8.240283966064453125e+01
9.244873809814453125e+01
6.567928314208984375e+01
6.146659851074218750e+01
4.188198471069335938e+01
4.119081497192382812e+01
7.696330261230468750e+01
4.189535140991210938e+01
4.237245559692382812e+01
5.691805648803710938e+01
9.653032684326171875e+01
5.558781814575195312e+01
3.855208206176757812e+01
4.951791000366210938e+01
1.002792282104492188e+02
6.336250305175781250e+01
5.388113021850585938e+01
7.781941986083984375e+01
9.263702392578125000e+01
5.137365722656250000e+01
4.060893249511718750e+01
7.788184356689453125e+01
5.526721191406250000e+01
8.432295989990234375e+01
7.829708862304687500e+01
7.639292144775390625e+01
9.200228881835937500e+01
7.931015014648437500e+01
9.826956939697265625e+01
6.887329864501953125e+01
8.463643646240234375e+01
8.629928588867187500e+01
8.434524536132812500e+01
1.010203323364257812e+02
6.812702178955078125e+01
4.364440155029296875e+01
7.457689666748046875e+01
5.664202499389648438e+01
6.689435577392578125e+01
5.648365020751953125e+01
6.670426177978515625e+01
6.049331283569335938e+01
5.929275512695312500e+01
4.614262390136718750e+01
7.575833892822265625e+01
9.898379516601562500e+01
4.295338821411132812e+01
6.354403686523437500e+01
3.852984237670898438e+01
4.896868515014648438e+01
1.192558746337890625e+02
5.025876617431640625e+01
8.163796997070312500e+01
3.979511642456054688e+01
7.803203582763671875e+01
5.156180953979492188e+01
4.384499740600585938e+01
5.100443649291992188e+01
8.069408416748046875e+01
8.370243835449218750e+01
4.791056442260742188e+01
3.751459121704101562e+01
9.947161102294921875e+01
5.982883071899414062e+01
9.160806274414062500e+01
7.949969482421875000e+01
5.240673446655273438e+01
5.753536224365234375e+01
4.102559661865234375e+01
5.076914978027343750e+01
4.552192306518554688e+01
5.963897323608398438e+01
6.819357299804687500e+01
7.181113433837890625e+01
7.667874145507812500e+01
3.681361770629882812e+01
5.245367813110351562e+01
3.818964385986328125e+01
4.025291061401367188e+01
6.675754547119140625e+01
5.279598617553710938e+01
7.815947723388671875e+01
5.833452224731445312e+01
5.972864913940429688e+01
7.108208465576171875e+01
7.210575103759765625e+01
6.730384826660156250e+01
4.008948135375976562e+01
5.017666244506835938e+01
6.448767089843750000e+01
5.285993576049804688e+01
1.191530456542968750e+02
4.786383819580078125e+01
4.366046142578125000e+01
5.214616775512695312e+01
8.974041748046875000e+01
4.243937301635742188e+01
9.572462463378906250e+01
8.576934814453125000e+01
5.624602890014648438e+01
5.641223526000976562e+01
6.224273681640625000e+01
6.868069458007812500e+01
6.860775756835937500e+01
1.139611816406250000e+02
4.880868911743164062e+01
5.624018478393554688e+01
2.812464523315429688e+01
4.534208297729492188e+01
8.560232543945312500e+01
4.866643142700195312e+01
7.481195068359375000e+01
8.686186218261718750e+01
5.124750518798828125e+01
6.759014892578125000e+01
6.346240997314453125e+01
6.787348937988281250e+01
8.877306365966796875e+01
1.129134216308593750e+02
5.022594070434570312e+01
6.247496795654296875e+01
5.746866226196289062e+01
9.494809722900390625e+01
6.971297454833984375e+01
7.532461547851562500e+01
1.244747238159179688e+02
5.770006179809570312e+01
7.566617584228515625e+01
5.669332504272460938e+01
5.964871215820312500e+01
5.331724929809570312e+01
2.853378677368164062e+01
1.109049453735351562e+02
6.774156951904296875e+01
5.567737197875976562e+01
3.665996170043945312e+01
5.768397903442382812e+01
6.639967346191406250e+01
4.833095550537109375e+01
7.240805816650390625e+01
5.889891052246093750e+01
9.120588684082031250e+01
7.794203186035156250e+01
5.771597290039062500e+01
6.337418746948242188e+01
8.595516967773437500e+01
4.943089675903320312e+01
8.404656219482421875e+01
1.017679977416992188e+02
5.073710632324218750e+01
1.193321456909179688e+02
7.667739105224609375e+01
8.686653900146484375e+01
4.439481735229492188e+01
4.832667541503906250e+01
1.183348846435546875e+02
6.518513488769531250e+01
8.060423278808593750e+01
4.846050643920898438e+01
5.215746307373046875e+01
7.395111083984375000e+01
6.959424591064453125e+01
5.062182235717773438e+01
3.553411102294921875e+01
8.590141296386718750e+01
7.427168273925781250e+01
3.752099227905273438e+01
7.665581512451171875e+01
9.805934906005859375e+01
5.742264175415039062e+01
1.030587081909179688e+02
5.386067199707031250e+01
6.362579727172851562e+01
6.020461273193359375e+01
4.645593261718750000e+01
6.101334381103515625e+01
7.665879058837890625e+01
6.789287567138671875e+01
4.907691192626953125e+01
3.508972167968750000e+01
4.088319396972656250e+01
7.473851776123046875e+01
6.609309387207031250e+01
5.986149978637695312e+01
5.432866287231445312e+01
5.515914916992187500e+01
6.426969909667968750e+01
9.601982116699218750e+01
5.198972320556640625e+01
5.284376144409179688e+01
4.295125961303710938e+01
4.381777954101562500e+01
4.965652084350585938e+01
6.062008666992187500e+01
7.806507110595703125e+01
6.182765579223632812e+01
4.853574752807617188e+01
5.950829315185546875e+01
4.286281204223632812e+01
4.439192199707031250e+01
8.070639801025390625e+01
5.895214080810546875e+01
5.893147277832031250e+01
9.317134857177734375e+01
6.915586090087890625e+01
1.035415496826171875e+02
4.772160339355468750e+01
4.044910812377929688e+01
6.028039932250976562e+01
6.272201156616210938e+01
8.651261138916015625e+01
9.963282775878906250e+01
9.619776153564453125e+01
7.831297302246093750e+01
9.720821380615234375e+01
4.773278808593750000e+01
6.806882476806640625e+01
8.705973815917968750e+01
5.899095535278320312e+01
4.122252273559570312e+01
8.136284637451171875e+01
5.685084915161132812e+01
9.036027526855468750e+01
1.118690719604492188e+02
4.748364257812500000e+01
4.839591598510742188e+01
1.008507308959960938e+02
5.449422454833984375e+01
5.585491180419921875e+01
4.394038772583007812e+01
3.846348571777343750e+01
8.256079864501953125e+01
4.958317947387695312e+01
6.302315521240234375e+01
6.878507232666015625e+01
4.818622970581054688e+01
6.903696441650390625e+01
5.403148651123046875e+01
7.207532501220703125e+01
6.720024871826171875e+01
5.861008453369140625e+01
5.700426101684570312e+01
3.207351303100585938e+01
4.431626892089843750e+01
7.041289520263671875e+01
6.406159973144531250e+01
6.293354797363281250e+01
6.527003479003906250e+01
8.945672607421875000e+01
7.753285980224609375e+01
9.551878356933593750e+01
9.127655029296875000e+01
7.399910736083984375e+01
5.867687225341796875e+01
5.324268722534179688e+01
6.946673583984375000e+01
9.856060791015625000e+01
7.375299072265625000e+01
6.497995758056640625e+01
5.104341125488281250e+01
7.600263977050781250e+01
1.016647644042968750e+02
9.232760620117187500e+01
6.907151031494140625e+01
9.812606048583984375e+01
9.927011871337890625e+01
7.346861267089843750e+01
8.790498352050781250e+01
7.500075531005859375e+01
5.749217987060546875e+01
4.777533721923828125e+01
5.321261215209960938e+01
7.566505432128906250e+01
6.704429626464843750e+01
5.160944747924804688e+01
6.687203216552734375e+01
4.645617294311523438e+01
4.650378036499023438e+01
7.890139007568359375e+01
5.677447509765625000e+01
6.855525970458984375e+01
7.823625183105468750e+01
8.018795013427734375e+01
6.342213439941406250e+01
8.757767486572265625e+01
8.079752349853515625e+01
3.891018676757812500e+01
5.358191680908203125e+01
7.850362396240234375e+01
5.533403778076171875e+01
5.257219314575195312e+01
5.857814788818359375e+01
8.359532165527343750e+01
4.710486221313476562e+01
7.311088562011718750e+01
8.832001495361328125e+01
4.881290054321289062e+01
9.281986236572265625e+01
7.561674499511718750e+01
5.806011581420898438e+01
4.650024032592773438e+01
5.896407318115234375e+01
1.000912857055664062e+02
6.045979309082031250e+01
5.702899932861328125e+01
5.757017517089843750e+01
4.526939010620117188e+01
7.701839447021484375e+01
1.027430496215820312e+02
8.226831054687500000e+01
6.001371765136718750e+01
8.458642578125000000e+01
8.481759643554687500e+01
7.698645782470703125e+01
1.110523986816406250e+02
5.963882446289062500e+01
3.705209350585937500e+01
6.630004882812500000e+01
5.195076370239257812e+01
9.222437286376953125e+01
4.729199981689453125e+01
6.482209777832031250e+01
6.383258438110351562e+01
7.226437377929687500e+01
9.281966400146484375e+01
4.915423202514648438e+01
5.159118652343750000e+01
1.037933578491210938e+02
5.486643600463867188e+01
8.817169189453125000e+01
6.716223144531250000e+01
5.816746139526367188e+01
7.011484527587890625e+01
4.159933853149414062e+01
5.222583389282226562e+01
3.958715057373046875e+01
6.174070358276367188e+01
7.014335632324218750e+01
8.078031158447265625e+01
5.378977203369140625e+01
7.006497955322265625e+01
4.694095230102539062e+01
7.184677886962890625e+01
6.381428527832031250e+01
4.952740478515625000e+01
8.716952514648437500e+01
9.071541595458984375e+01
1.000014877319335938e+02
6.428800964355468750e+01
6.543695068359375000e+01
4.301756286621093750e+01
8.783417510986328125e+01
6.074463653564453125e+01
4.631971359252929688e+01
9.329068756103515625e+01
9.822621917724609375e+01
8.088609313964843750e+01
7.466182708740234375e+01
4.611759185791015625e+01
8.618264770507812500e+01
8.198921966552734375e+01
4.832113265991210938e+01
9.747965240478515625e+01
5.206495285034179688e+01
6.750369262695312500e+01
3.576883697509765625e+01
8.989289855957031250e+01
8.856827545166015625e+01
5.811784744262695312e+01
6.492682647705078125e+01
9.199344635009765625e+01
3.989227294921875000e+01
3.308327865600585938e+01
5.366437530517578125e+01
3.468721008300781250e+01
9.246776580810546875e+01
5.398875045776367188e+01
6.219916152954101562e+01
5.172438049316406250e+01
7.866962432861328125e+01
8.022449493408203125e+01
6.792449951171875000e+01
5.920677947998046875e+01
8.471506500244140625e+01
5.310172271728515625e+01
7.783335113525390625e+01
5.899291229248046875e+01
9.048432159423828125e+01
5.745021057128906250e+01
7.730500030517578125e+01
1.228239440917968750e+02
7.337194824218750000e+01
5.577578735351562500e+01
4.784107208251953125e+01
4.262495422363281250e+01
1.001021118164062500e+02
6.362569808959960938e+01
5.902822494506835938e+01
7.426837921142578125e+01
8.977880859375000000e+01
1.366198425292968750e+02
4.224636459350585938e+01
4.780715560913085938e+01
5.018627548217773438e+01
5.726872253417968750e+01
4.766820526123046875e+01
7.748776245117187500e+01
4.762569427490234375e+01
9.420158386230468750e+01
4.410305023193359375e+01
6.989202117919921875e+01
8.009517669677734375e+01
7.731039428710937500e+01
6.854093933105468750e+01
5.344003677368164062e+01
6.933071136474609375e+01
6.407019042968750000e+01
7.945023345947265625e+01
8.558844757080078125e+01
8.687102508544921875e+01
8.563911437988281250e+01
7.768791961669921875e+01
8.887232208251953125e+01
5.983056640625000000e+01
5.381543731689453125e+01
9.238212585449218750e+01
8.297362518310546875e+01
8.032897186279296875e+01
5.752798461914062500e+01
7.496602630615234375e+01
4.881013107299804688e+01
3.458182907104492188e+01
6.571015167236328125e+01
1.014272155761718750e+02
6.145906066894531250e+01
6.131622314453125000e+01
6.861339569091796875e+01
7.373970031738281250e+01
3.846850967407226562e+01
6.489590454101562500e+01
5.808068466186523438e+01
8.058483886718750000e+01
6.291752243041992188e+01
9.237053680419921875e+01
5.478695297241210938e+01
6.407263946533203125e+01
7.513189697265625000e+01
8.826441192626953125e+01
6.713608551025390625e+01
4.173649978637695312e+01
5.292026138305664062e+01
9.734021759033203125e+01
9.394922637939453125e+01
6.353681182861328125e+01
9.207255554199218750e+01
6.511042022705078125e+01
1.013302307128906250e+02
7.325568389892578125e+01
7.472392272949218750e+01
1.123327255249023438e+02
4.887430191040039062e+01
4.267879104614257812e+01
6.201353454589843750e+01
6.816237640380859375e+01
7.320288848876953125e+01
9.387123107910156250e+01
4.775667190551757812e+01
3.517084884643554688e+01
5.536119079589843750e+01
4.321519851684570312e+01
5.825000381469726562e+01
6.734672546386718750e+01
5.681115341186523438e+01
3.793202590942382812e+01
8.398630523681640625e+01
8.640173339843750000e+01
8.303900146484375000e+01
6.589208221435546875e+01
7.584645843505859375e+01
8.400071716308593750e+01
7.467924499511718750e+01
5.125050354003906250e+01
5.987092208862304688e+01
9.896032714843750000e+01
6.757482147216796875e+01
8.356916046142578125e+01
9.713174438476562500e+01
7.348462677001953125e+01
6.935865783691406250e+01
4.567664718627929688e+01
5.344482803344726562e+01
8.476808166503906250e+01
6.876784515380859375e+01
8.346697235107421875e+01
6.765048217773437500e+01
8.171125793457031250e+01
3.356516265869140625e+01
4.486942672729492188e+01
6.015431213378906250e+01
1.059534759521484375e+02
5.585803604125976562e+01
4.522225952148437500e+01
7.169824981689453125e+01
1.140138626098632812e+02
2.987709999084472656e+01
5.826044082641601562e+01
9.363588714599609375e+01
9.826042175292968750e+01
9.052565765380859375e+01
8.350279998779296875e+01
6.001971054077148438e+01
6.465192413330078125e+01
1.101215972900390625e+02
2.901514244079589844e+01
5.794977951049804688e+01
6.228770446777343750e+01
6.043622207641601562e+01
5.690732192993164062e+01
6.991198730468750000e+01
1.045838317871093750e+02
5.858514785766601562e+01
8.973487091064453125e+01
4.447651290893554688e+01
6.316965484619140625e+01
5.353248596191406250e+01
7.309046173095703125e+01
9.703894805908203125e+01
5.101718902587890625e+01
4.940245056152343750e+01
5.368097305297851562e+01
6.850131225585937500e+01
5.942709732055664062e+01
9.318808746337890625e+01
5.384971618652343750e+01
8.363700103759765625e+01
9.736541748046875000e+01
1.112628326416015625e+02
8.082443237304687500e+01
1.040726242065429688e+02
3.767348861694335938e+01
5.764824295043945312e+01
7.515691375732421875e+01
1.037101287841796875e+02
1.148663711547851562e+02
5.155841827392578125e+01
1.051059112548828125e+02
3.734751510620117188e+01
7.465577697753906250e+01
8.062627410888671875e+01
1.108077087402343750e+02
5.938135528564453125e+01
5.147901535034179688e+01
9.358251953125000000e+01
5.154042816162109375e+01
7.001953887939453125e+01
7.111180114746093750e+01
6.590687561035156250e+01
5.831945037841796875e+01
5.934680557250976562e+01
6.387327194213867188e+01
6.788543701171875000e+01
7.121411132812500000e+01
5.705780029296875000e+01
9.874357604980468750e+01
5.347140502929687500e+01
7.839291381835937500e+01
1.036486663818359375e+02
7.921188354492187500e+01
5.038154220581054688e+01
6.794503784179687500e+01
5.061188125610351562e+01
7.778935241699218750e+01
4.386217880249023438e+01
8.356516265869140625e+01
6.621663665771484375e+01
5.203488159179687500e+01
5.806819915771484375e+01
5.481284713745117188e+01
5.539759826660156250e+01
3.485042953491210938e+01
1.155640258789062500e+02
3.234307861328125000e+01
5.922862243652343750e+01
6.726377105712890625e+01
7.303758239746093750e+01
5.441456222534179688e+01
4.165777206420898438e+01
4.816915512084960938e+01
6.132503509521484375e+01
5.802151870727539062e+01
5.709014892578125000e+01
7.217796325683593750e+01
4.752377700805664062e+01
9.952098846435546875e+01
4.769017410278320312e+01
8.068893432617187500e+01
8.590545654296875000e+01
7.179774475097656250e+01
1.323719940185546875e+02
6.571633911132812500e+01
7.589301300048828125e+01
6.281707382202148438e+01
5.175442123413085938e+01
8.632416534423828125e+01
9.930026245117187500e+01
1.059112701416015625e+02
8.186080169677734375e+01
5.300923538208007812e+01
6.425466918945312500e+01
5.666828155517578125e+01
4.515607070922851562e+01
4.649158477783203125e+01
6.340637969970703125e+01
4.893531036376953125e+01
8.830253601074218750e+01
5.885401153564453125e+01
7.223966979980468750e+01
5.539367294311523438e+01
6.431282043457031250e+01
